id,digit
2049,6
2050,9
2051,8
2052,0
2053,3
2054,8
2055,5
2056,3
2057,4
2058,4
2059,1
2060,5
2061,7
2062,5
2063,1
2064,5
2065,1
2066,6
2067,1
2068,4
2069,5
2070,9
2071,7
2072,3
2073,3
2074,7
2075,0
2076,1
2077,9
2078,2
2079,8
2080,8
2081,0
2082,6
2083,0
2084,4
2085,1
2086,5
2087,2
2088,4
2089,2
2090,1
2091,8
2092,8
2093,3
2094,0
2095,7
2096,6
2097,2
2098,8
2099,8
2100,4
2101,7
2102,2
2103,6
2104,6
2105,1
2106,8
2107,0
2108,4
2109,2
2110,2
2111,1
2112,9
2113,4
2114,0
2115,0
2116,2
2117,1
2118,6
2119,5
2120,6
2121,9
2122,3
2123,2
2124,7
2125,6
2126,9
2127,1
2128,7
2129,7
2130,0
2131,3
2132,4
2133,8
2134,1
2135,6
2136,0
2137,7
2138,5
2139,5
2140,6
2141,4
2142,4
2143,0
2144,6
2145,9
2146,3
2147,0
2148,9
2149,6
2150,5
2151,6
2152,0
2153,5
2154,6
2155,2
2156,9
2157,5
2158,1
2159,9
2160,2
2161,9
2162,8
2163,4
2164,6
2165,3
2166,2
2167,9
2168,7
2169,2
2170,0
2171,7
2172,9
2173,6
2174,1
2175,5
2176,8
2177,1
2178,2
2179,1
2180,5
2181,9
2182,6
2183,5
2184,9
2185,1
2186,6
2187,0
2188,9
2189,2
2190,1
2191,8
2192,2
2193,6
2194,5
2195,3
2196,8
2197,9
2198,8
2199,3
2200,6
2201,6
2202,4
2203,0
2204,3
2205,9
2206,3
2207,8
2208,5
2209,6
2210,0
2211,2
2212,1
2213,1
2214,1
2215,0
2216,4
2217,4
2218,1
2219,0
2220,4
2221,9
2222,4
2223,8
2224,1
2225,9
2226,9
2227,0
2228,2
2229,8
2230,3
2231,5
2232,0
2233,1
2234,0
2235,4
2236,9
2237,2
2238,6
2239,3
2240,1
2241,0
2242,2
2243,5
2244,2
2245,4
2246,0
2247,2
2248,9
2249,1
2250,5
2251,8
2252,1
2253,6
2254,6
2255,0
2256,0
2257,0
2258,9
2259,9
2260,2
2261,2
2262,3
2263,4
2264,0
2265,7
2266,0
2267,0
2268,9
2269,2
2270,2
2271,6
2272,9
2273,6
2274,4
2275,5
2276,7
2277,6
2278,7
2279,7
2280,9
2281,5
2282,9
2283,8
2284,5
2285,6
2286,9
2287,3
2288,6
2289,5
2290,8
2291,1
2292,1
2293,1
2294,9
2295,2
2296,6
2297,1
2298,1
2299,0
2300,7
2301,2
2302,8
2303,3
2304,4
2305,2
2306,9
2307,7
2308,8
2309,2
2310,4
2311,8
2312,5
2313,2
2314,1
2315,8
2316,4
2317,2
2318,3
2319,6
2320,5
2321,5
2322,5
2323,4
2324,7
2325,7
2326,8
2327,9
2328,9
2329,9
2330,1
2331,6
2332,9
2333,8
2334,9
2335,1
2336,1
2337,2
2338,2
2339,6
2340,9
2341,8
2342,6
2343,1
2344,0
2345,7
2346,4
2347,1
2348,3
2349,5
2350,3
2351,1
2352,2
2353,0
2354,6
2355,1
2356,2
2357,8
2358,7
2359,5
2360,9
2361,2
2362,9
2363,1
2364,2
2365,2
2366,5
2367,2
2368,6
2369,0
2370,4
2371,9
2372,6
2373,7
2374,9
2375,5
2376,0
2377,3
2378,9
2379,2
2380,5
2381,3
2382,4
2383,6
2384,5
2385,8
2386,1
2387,3
2388,2
2389,4
2390,8
2391,7
2392,8
2393,4
2394,8
2395,3
2396,1
2397,1
2398,6
2399,3
2400,5
2401,7
2402,4
2403,6
2404,6
2405,9
2406,3
2407,9
2408,5
2409,9
2410,8
2411,9
2412,3
2413,7
2414,0
2415,8
2416,0
2417,0
2418,4
2419,2
2420,9
2421,1
2422,2
2423,3
2424,8
2425,1
2426,1
2427,4
2428,8
2429,8
2430,9
2431,3
2432,8
2433,9
2434,9
2435,9
2436,0
2437,7
2438,7
2439,9
2440,1
2441,7
2442,4
2443,3
2444,3
2445,9
2446,4
2447,4
2448,0
2449,3
2450,3
2451,3
2452,0
2453,2
2454,9
2455,0
2456,5
2457,0
2458,5
2459,1
2460,8
2461,0
2462,2
2463,0
2464,7
2465,4
2466,1
2467,4
2468,4
2469,9
2470,3
2471,1
2472,6
2473,5
2474,9
2475,9
2476,6
2477,4
2478,9
2479,4
2480,8
2481,4
2482,6
2483,9
2484,6
2485,5
2486,3
2487,2
2488,2
2489,6
2490,1
2491,9
2492,2
2493,2
2494,2
2495,6
2496,8
2497,6
2498,9
2499,7
2500,7
2501,2
2502,8
2503,6
2504,5
2505,5
2506,1
2507,0
2508,8
2509,7
2510,9
2511,5
2512,7
2513,5
2514,8
2515,2
2516,9
2517,1
2518,8
2519,0
2520,5
2521,5
2522,8
2523,9
2524,7
2525,8
2526,5
2527,3
2528,9
2529,4
2530,0
2531,3
2532,7
2533,2
2534,6
2535,5
2536,4
2537,4
2538,4
2539,7
2540,8
2541,4
2542,9
2543,0
2544,5
2545,9
2546,3
2547,9
2548,1
2549,1
2550,5
2551,2
2552,2
2553,2
2554,5
2555,0
2556,0
2557,9
2558,3
2559,0
2560,1
2561,7
2562,5
2563,2
2564,3
2565,1
2566,2
2567,7
2568,6
2569,6
2570,7
2571,6
2572,0
2573,3
2574,5
2575,0
2576,7
2577,3
2578,9
2579,3
2580,2
2581,0
2582,8
2583,6
2584,1
2585,8
2586,3
2587,8
2588,7
2589,0
2590,8
2591,6
2592,7
2593,1
2594,2
2595,4
2596,4
2597,3
2598,5
2599,4
2600,0
2601,0
2602,2
2603,4
2604,9
2605,0
2606,4
2607,3
2608,6
2609,2
2610,8
2611,2
2612,1
2613,5
2614,3
2615,4
2616,6
2617,1
2618,9
2619,2
2620,2
2621,4
2622,9
2623,0
2624,6
2625,2
2626,5
2627,0
2628,8
2629,0
2630,8
2631,4
2632,9
2633,0
2634,6
2635,8
2636,5
2637,5
2638,4
2639,1
2640,6
2641,4
2642,3
2643,5
2644,9
2645,5
2646,6
2647,0
2648,3
2649,3
2650,8
2651,5
2652,6
2653,4
2654,3
2655,7
2656,2
2657,9
2658,8
2659,8
2660,5
2661,0
2662,6
2663,1
2664,2
2665,3
2666,4
2667,5
2668,1
2669,1
2670,3
2671,9
2672,6
2673,5
2674,6
2675,1
2676,5
2677,4
2678,0
2679,0
2680,1
2681,5
2682,5
2683,9
2684,7
2685,8
2686,4
2687,5
2688,5
2689,2
2690,5
2691,4
2692,2
2693,2
2694,4
2695,0
2696,6
2697,2
2698,7
2699,9
2700,1
2701,9
2702,2
2703,0
2704,6
2705,3
2706,1
2707,1
2708,9
2709,1
2710,0
2711,5
2712,6
2713,0
2714,0
2715,2
2716,2
2717,6
2718,5
2719,0
2720,0
2721,3
2722,9
2723,7
2724,7
2725,4
2726,7
2727,8
2728,2
2729,1
2730,6
2731,0
2732,1
2733,9
2734,5
2735,9
2736,3
2737,5
2738,6
2739,3
2740,4
2741,5
2742,7
2743,8
2744,2
2745,0
2746,8
2747,0
2748,4
2749,6
2750,5
2751,7
2752,5
2753,7
2754,9
2755,0
2756,6
2757,3
2758,0
2759,3
2760,4
2761,3
2762,6
2763,2
2764,3
2765,3
2766,9
2767,8
2768,8
2769,2
2770,1
2771,3
2772,4
2773,4
2774,8
2775,0
2776,3
2777,7
2778,8
2779,9
2780,5
2781,0
2782,8
2783,4
2784,0
2785,8
2786,1
2787,9
2788,4
2789,0
2790,4
2791,6
2792,0
2793,9
2794,1
2795,1
2796,5
2797,7
2798,0
2799,8
2800,8
2801,6
2802,4
2803,1
2804,1
2805,6
2806,8
2807,0
2808,7
2809,9
2810,3
2811,4
2812,9
2813,6
2814,9
2815,3
2816,1
2817,5
2818,9
2819,2
2820,1
2821,1
2822,3
2823,8
2824,4
2825,8
2826,9
2827,6
2828,5
2829,6
2830,7
2831,1
2832,9
2833,9
2834,9
2835,4
2836,9
2837,8
2838,1
2839,3
2840,6
2841,7
2842,4
2843,4
2844,0
2845,6
2846,4
2847,4
2848,1
2849,9
2850,4
2851,1
2852,2
2853,0
2854,0
2855,1
2856,0
2857,0
2858,0
2859,1
2860,6
2861,7
2862,1
2863,5
2864,9
2865,9
2866,9
2867,8
2868,7
2869,2
2870,9
2871,9
2872,8
2873,6
2874,0
2875,9
2876,5
2877,1
2878,7
2879,6
2880,2
2881,0
2882,8
2883,1
2884,2
2885,4
2886,7
2887,9
2888,7
2889,1
2890,3
2891,8
2892,3
2893,2
2894,3
2895,8
2896,1
2897,0
2898,9
2899,7
2900,1
2901,0
2902,6
2903,5
2904,1
2905,8
2906,8
2907,3
2908,9
2909,2
2910,1
2911,5
2912,9
2913,1
2914,4
2915,2
2916,0
2917,8
2918,3
2919,1
2920,9
2921,4
2922,5
2923,6
2924,5
2925,5
2926,8
2927,3
2928,7
2929,6
2930,1
2931,1
2932,5
2933,3
2934,7
2935,1
2936,9
2937,2
2938,0
2939,5
2940,7
2941,1
2942,4
2943,7
2944,1
2945,8
2946,0
2947,2
2948,9
2949,7
2950,9
2951,5
2952,7
2953,8
2954,0
2955,9
2956,1
2957,0
2958,2
2959,7
2960,0
2961,6
2962,1
2963,5
2964,0
2965,5
2966,7
2967,3
2968,3
2969,0
2970,2
2971,0
2972,4
2973,2
2974,1
2975,0
2976,3
2977,9
2978,2
2979,7
2980,3
2981,2
2982,5
2983,9
2984,5
2985,0
2986,5
2987,6
2988,6
2989,1
2990,9
2991,1
2992,1
2993,7
2994,2
2995,7
2996,2
2997,5
2998,8
2999,3
3000,4
3001,3
3002,3
3003,1
3004,1
3005,3
3006,1
3007,3
3008,9
3009,8
3010,0
3011,5
3012,4
3013,9
3014,2
3015,2
3016,1
3017,3
3018,8
3019,6
3020,8
3021,5
3022,3
3023,5
3024,5
3025,5
3026,1
3027,6
3028,7
3029,9
3030,1
3031,3
3032,9
3033,5
3034,8
3035,6
3036,4
3037,8
3038,6
3039,9
3040,5
3041,5
3042,8
3043,6
3044,9
3045,9
3046,5
3047,4
3048,8
3049,2
3050,7
3051,8
3052,7
3053,1
3054,4
3055,6
3056,1
3057,8
3058,9
3059,6
3060,7
3061,4
3062,3
3063,2
3064,5
3065,7
3066,9
3067,8
3068,9
3069,2
3070,6
3071,0
3072,8
3073,6
3074,3
3075,2
3076,1
3077,5
3078,1
3079,9
3080,5
3081,5
3082,5
3083,4
3084,5
3085,8
3086,3
3087,9
3088,7
3089,9
3090,6
3091,9
3092,3
3093,0
3094,6
3095,6
3096,7
3097,3
3098,3
3099,8
3100,7
3101,9
3102,6
3103,1
3104,7
3105,8
3106,0
3107,2
3108,0
3109,9
3110,7
3111,1
3112,5
3113,8
3114,4
3115,2
3116,8
3117,0
3118,2
3119,8
3120,6
3121,0
3122,5
3123,1
3124,8
3125,7
3126,7
3127,8
3128,9
3129,3
3130,6
3131,4
3132,0
3133,1
3134,6
3135,5
3136,1
3137,1
3138,1
3139,2
3140,7
3141,9
3142,9
3143,6
3144,6
3145,2
3146,8
3147,2
3148,2
3149,8
3150,7
3151,9
3152,3
3153,6
3154,8
3155,9
3156,3
3157,1
3158,2
3159,5
3160,7
3161,5
3162,8
3163,8
3164,1
3165,9
3166,9
3167,5
3168,0
3169,7
3170,6
3171,6
3172,1
3173,7
3174,6
3175,7
3176,9
3177,4
3178,3
3179,4
3180,9
3181,3
3182,4
3183,3
3184,9
3185,2
3186,1
3187,7
3188,7
3189,7
3190,7
3191,8
3192,9
3193,4
3194,2
3195,8
3196,6
3197,6
3198,9
3199,0
3200,7
3201,8
3202,9
3203,2
3204,6
3205,4
3206,9
3207,9
3208,9
3209,4
3210,9
3211,7
3212,1
3213,4
3214,5
3215,8
3216,1
3217,0
3218,9
3219,3
3220,3
3221,9
3222,7
3223,8
3224,8
3225,9
3226,2
3227,8
3228,7
3229,8
3230,8
3231,7
3232,9
3233,9
3234,0
3235,0
3236,0
3237,4
3238,2
3239,0
3240,2
3241,0
3242,3
3243,4
3244,2
3245,9
3246,6
3247,0
3248,6
3249,7
3250,4
3251,7
3252,8
3253,3
3254,9
3255,4
3256,9
3257,0
3258,4
3259,3
3260,1
3261,8
3262,5
3263,4
3264,4
3265,4
3266,4
3267,9
3268,4
3269,2
3270,3
3271,7
3272,9
3273,8
3274,9
3275,2
3276,6
3277,4
3278,0
3279,9
3280,5
3281,0
3282,5
3283,8
3284,7
3285,8
3286,7
3287,2
3288,0
3289,4
3290,3
3291,8
3292,7
3293,7
3294,2
3295,1
3296,6
3297,7
3298,8
3299,3
3300,9
3301,0
3302,6
3303,9
3304,0
3305,1
3306,2
3307,3
3308,9
3309,3
3310,2
3311,0
3312,1
3313,0
3314,1
3315,6
3316,5
3317,8
3318,7
3319,0
3320,7
3321,9
3322,8
3323,9
3324,0
3325,3
3326,8
3327,9
3328,6
3329,9
3330,2
3331,4
3332,5
3333,8
3334,9
3335,4
3336,7
3337,4
3338,6
3339,2
3340,7
3341,3
3342,6
3343,1
3344,9
3345,1
3346,4
3347,0
3348,6
3349,8
3350,7
3351,9
3352,8
3353,9
3354,4
3355,0
3356,3
3357,4
3358,5
3359,7
3360,3
3361,0
3362,5
3363,1
3364,3
3365,2
3366,7
3367,6
3368,9
3369,8
3370,3
3371,0
3372,3
3373,9
3374,1
3375,7
3376,5
3377,2
3378,2
3379,9
3380,2
3381,1
3382,5
3383,4
3384,9
3385,8
3386,3
3387,5
3388,2
3389,2
3390,4
3391,6
3392,4
3393,1
3394,0
3395,4
3396,3
3397,4
3398,6
3399,5
3400,6
3401,8
3402,9
3403,9
3404,0
3405,4
3406,9
3407,1
3408,0
3409,2
3410,8
3411,1
3412,4
3413,0
3414,6
3415,8
3416,9
3417,7
3418,7
3419,6
3420,0
3421,1
3422,1
3423,2
3424,0
3425,1
3426,1
3427,5
3428,9
3429,6
3430,0
3431,8
3432,6
3433,9
3434,1
3435,2
3436,3
3437,3
3438,9
3439,1
3440,1
3441,4
3442,3
3443,6
3444,1
3445,1
3446,3
3447,7
3448,7
3449,6
3450,1
3451,3
3452,3
3453,6
3454,5
3455,6
3456,5
3457,5
3458,5
3459,0
3460,8
3461,6
3462,1
3463,8
3464,9
3465,0
3466,1
3467,6
3468,9
3469,0
3470,3
3471,4
3472,1
3473,2
3474,4
3475,7
3476,8
3477,9
3478,9
3479,7
3480,2
3481,9
3482,1
3483,4
3484,4
3485,0
3486,0
3487,0
3488,7
3489,1
3490,7
3491,9
3492,9
3493,1
3494,3
3495,1
3496,8
3497,3
3498,1
3499,9
3500,3
3501,1
3502,4
3503,1
3504,3
3505,3
3506,2
3507,0
3508,3
3509,9
3510,6
3511,1
3512,1
3513,2
3514,1
3515,8
3516,8
3517,0
3518,8
3519,2
3520,7
3521,9
3522,2
3523,3
3524,5
3525,4
3526,8
3527,2
3528,0
3529,9
3530,6
3531,0
3532,0
3533,9
3534,1
3535,4
3536,7
3537,6
3538,5
3539,9
3540,1
3541,4
3542,7
3543,0
3544,2
3545,4
3546,6
3547,6
3548,9
3549,0
3550,4
3551,8
3552,1
3553,0
3554,1
3555,8
3556,9
3557,8
3558,4
3559,8
3560,8
3561,8
3562,3
3563,9
3564,6
3565,9
3566,7
3567,3
3568,9
3569,4
3570,9
3571,6
3572,5
3573,7
3574,2
3575,3
3576,6
3577,5
3578,5
3579,8
3580,9
3581,4
3582,1
3583,2
3584,7
3585,1
3586,9
3587,6
3588,4
3589,0
3590,0
3591,9
3592,6
3593,0
3594,1
3595,2
3596,5
3597,4
3598,1
3599,6
3600,9
3601,6
3602,4
3603,7
3604,4
3605,9
3606,8
3607,9
3608,7
3609,1
3610,3
3611,5
3612,7
3613,3
3614,7
3615,2
3616,9
3617,4
3618,7
3619,4
3620,5
3621,9
3622,9
3623,8
3624,4
3625,2
3626,9
3627,5
3628,5
3629,1
3630,9
3631,8
3632,9
3633,9
3634,2
3635,9
3636,2
3637,3
3638,8
3639,1
3640,6
3641,6
3642,3
3643,0
3644,5
3645,7
3646,4
3647,5
3648,6
3649,6
3650,9
3651,3
3652,7
3653,7
3654,6
3655,7
3656,6
3657,8
3658,8
3659,7
3660,9
3661,2
3662,1
3663,7
3664,7
3665,3
3666,5
3667,9
3668,2
3669,0
3670,8
3671,7
3672,9
3673,3
3674,4
3675,4
3676,9
3677,0
3678,9
3679,0
3680,2
3681,7
3682,6
3683,1
3684,2
3685,5
3686,4
3687,9
3688,9
3689,8
3690,1
3691,8
3692,8
3693,5
3694,7
3695,3
3696,1
3697,9
3698,4
3699,3
3700,7
3701,9
3702,2
3703,2
3704,3
3705,4
3706,1
3707,8
3708,6
3709,3
3710,3
3711,6
3712,3
3713,1
3714,1
3715,2
3716,2
3717,4
3718,2
3719,7
3720,1
3721,0
3722,2
3723,0
3724,8
3725,6
3726,2
3727,8
3728,7
3729,8
3730,2
3731,5
3732,3
3733,5
3734,9
3735,7
3736,4
3737,4
3738,0
3739,3
3740,2
3741,2
3742,0
3743,9
3744,0
3745,1
3746,0
3747,8
3748,5
3749,3
3750,6
3751,9
3752,4
3753,5
3754,0
3755,8
3756,3
3757,0
3758,4
3759,5
3760,1
3761,2
3762,4
3763,3
3764,8
3765,1
3766,3
3767,1
3768,5
3769,0
3770,3
3771,1
3772,7
3773,6
3774,0
3775,1
3776,5
3777,1
3778,5
3779,6
3780,2
3781,6
3782,9
3783,4
3784,2
3785,7
3786,2
3787,8
3788,0
3789,2
3790,9
3791,5
3792,7
3793,1
3794,7
3795,7
3796,7
3797,6
3798,4
3799,0
3800,0
3801,5
3802,3
3803,4
3804,6
3805,0
3806,6
3807,4
3808,1
3809,1
3810,2
3811,7
3812,6
3813,8
3814,7
3815,9
3816,5
3817,1
3818,6
3819,1
3820,0
3821,1
3822,6
3823,7
3824,8
3825,2
3826,8
3827,6
3828,1
3829,1
3830,5
3831,9
3832,3
3833,6
3834,7
3835,5
3836,6
3837,5
3838,2
3839,7
3840,3
3841,7
3842,2
3843,0
3844,4
3845,1
3846,4
3847,4
3848,9
3849,3
3850,0
3851,3
3852,9
3853,4
3854,7
3855,7
3856,1
3857,2
3858,5
3859,0
3860,5
3861,3
3862,7
3863,3
3864,4
3865,6
3866,6
3867,0
3868,8
3869,2
3870,0
3871,8
3872,8
3873,7
3874,6
3875,3
3876,7
3877,3
3878,4
3879,4
3880,7
3881,7
3882,3
3883,3
3884,3
3885,6
3886,7
3887,5
3888,7
3889,7
3890,1
3891,6
3892,5
3893,9
3894,7
3895,4
3896,1
3897,8
3898,9
3899,1
3900,9
3901,9
3902,7
3903,0
3904,2
3905,1
3906,8
3907,9
3908,5
3909,0
3910,0
3911,9
3912,7
3913,2
3914,3
3915,6
3916,5
3917,3
3918,6
3919,0
3920,9
3921,6
3922,4
3923,6
3924,9
3925,4
3926,2
3927,1
3928,1
3929,4
3930,3
3931,6
3932,6
3933,0
3934,6
3935,8
3936,9
3937,6
3938,4
3939,2
3940,8
3941,2
3942,7
3943,1
3944,7
3945,3
3946,4
3947,5
3948,8
3949,5
3950,1
3951,6
3952,4
3953,2
3954,7
3955,8
3956,9
3957,2
3958,9
3959,9
3960,1
3961,2
3962,5
3963,8
3964,0
3965,0
3966,3
3967,2
3968,0
3969,5
3970,6
3971,5
3972,5
3973,6
3974,3
3975,2
3976,0
3977,7
3978,1
3979,3
3980,7
3981,6
3982,9
3983,3
3984,9
3985,9
3986,6
3987,0
3988,8
3989,0
3990,9
3991,9
3992,8
3993,4
3994,3
3995,3
3996,3
3997,8
3998,9
3999,7
4000,9
4001,8
4002,3
4003,2
4004,5
4005,1
4006,3
4007,6
4008,8
4009,6
4010,9
4011,2
4012,6
4013,4
4014,9
4015,2
4016,1
4017,0
4018,9
4019,9
4020,3
4021,9
4022,8
4023,5
4024,4
4025,8
4026,0
4027,1
4028,8
4029,6
4030,4
4031,6
4032,8
4033,2
4034,1
4035,3
4036,7
4037,9
4038,0
4039,1
4040,5
4041,5
4042,1
4043,7
4044,9
4045,1
4046,2
4047,4
4048,2
4049,6
4050,5
4051,9
4052,6
4053,3
4054,6
4055,2
4056,6
4057,4
4058,2
4059,0
4060,1
4061,8
4062,2
4063,9
4064,1
4065,9
4066,0
4067,9
4068,2
4069,1
4070,0
4071,9
4072,3
4073,5
4074,0
4075,6
4076,3
4077,1
4078,0
4079,7
4080,0
4081,1
4082,9
4083,7
4084,2
4085,5
4086,0
4087,3
4088,9
4089,0
4090,3
4091,6
4092,5
4093,8
4094,8
4095,2
4096,4
4097,7
4098,9
4099,2
4100,7
4101,1
4102,9
4103,8
4104,5
4105,2
4106,6
4107,7
4108,5
4109,1
4110,2
4111,5
4112,5
4113,2
4114,4
4115,1
4116,5
4117,2
4118,3
4119,9
4120,1
4121,4
4122,0
4123,4
4124,0
4125,9
4126,1
4127,0
4128,5
4129,7
4130,6
4131,8
4132,1
4133,4
4134,9
4135,8
4136,8
4137,9
4138,5
4139,9
4140,7
4141,1
4142,5
4143,4
4144,9
4145,2
4146,5
4147,0
4148,3
4149,0
4150,7
4151,2
4152,0
4153,1
4154,6
4155,6
4156,7
4157,3
4158,7
4159,9
4160,0
4161,6
4162,3
4163,7
4164,2
4165,0
4166,6
4167,1
4168,9
4169,8
4170,4
4171,2
4172,1
4173,3
4174,7
4175,4
4176,5
4177,0
4178,9
4179,5
4180,3
4181,9
4182,9
4183,3
4184,1
4185,7
4186,4
4187,2
4188,4
4189,3
4190,9
4191,4
4192,2
4193,8
4194,1
4195,9
4196,8
4197,0
4198,9
4199,1
4200,5
4201,1
4202,4
4203,3
4204,3
4205,2
4206,8
4207,6
4208,9
4209,7
4210,8
4211,9
4212,2
4213,5
4214,7
4215,9
4216,0
4217,3
4218,6
4219,1
4220,8
4221,1
4222,2
4223,4
4224,2
4225,2
4226,5
4227,8
4228,7
4229,1
4230,7
4231,1
4232,4
4233,4
4234,5
4235,0
4236,9
4237,1
4238,7
4239,3
4240,4
4241,9
4242,9
4243,1
4244,3
4245,2
4246,3
4247,4
4248,5
4249,6
4250,1
4251,0
4252,4
4253,3
4254,6
4255,3
4256,3
4257,2
4258,3
4259,1
4260,8
4261,2
4262,4
4263,7
4264,0
4265,4
4266,6
4267,5
4268,3
4269,0
4270,4
4271,4
4272,6
4273,6
4274,8
4275,7
4276,0
4277,9
4278,7
4279,2
4280,1
4281,7
4282,1
4283,3
4284,0
4285,5
4286,0
4287,2
4288,9
4289,9
4290,2
4291,8
4292,3
4293,1
4294,1
4295,3
4296,0
4297,2
4298,7
4299,4
4300,4
4301,3
4302,3
4303,3
4304,7
4305,0
4306,5
4307,6
4308,7
4309,3
4310,5
4311,6
4312,9
4313,6
4314,7
4315,1
4316,4
4317,3
4318,7
4319,8
4320,7
4321,7
4322,9
4323,1
4324,8
4325,9
4326,0
4327,7
4328,0
4329,6
4330,8
4331,8
4332,6
4333,6
4334,2
4335,8
4336,8
4337,3
4338,5
4339,1
4340,6
4341,6
4342,3
4343,9
4344,9
4345,9
4346,7
4347,7
4348,6
4349,6
4350,1
4351,8
4352,0
4353,2
4354,5
4355,0
4356,6
4357,1
4358,5
4359,0
4360,9
4361,1
4362,9
4363,8
4364,8
4365,0
4366,2
4367,8
4368,5
4369,5
4370,8
4371,6
4372,4
4373,9
4374,6
4375,3
4376,6
4377,7
4378,8
4379,7
4380,3
4381,3
4382,5
4383,0
4384,5
4385,7
4386,1
4387,5
4388,4
4389,9
4390,9
4391,2
4392,9
4393,9
4394,6
4395,1
4396,0
4397,5
4398,9
4399,6
4400,2
4401,6
4402,6
4403,5
4404,2
4405,9
4406,8
4407,7
4408,6
4409,9
4410,2
4411,0
4412,1
4413,3
4414,4
4415,9
4416,1
4417,2
4418,0
4419,3
4420,6
4421,2
4422,4
4423,2
4424,2
4425,1
4426,3
4427,5
4428,5
4429,9
4430,7
4431,5
4432,0
4433,3
4434,6
4435,7
4436,0
4437,4
4438,9
4439,1
4440,3
4441,2
4442,2
4443,1
4444,2
4445,8
4446,0
4447,7
4448,2
4449,8
4450,6
4451,9
4452,2
4453,8
4454,0
4455,5
4456,3
4457,6
4458,0
4459,1
4460,3
4461,3
4462,3
4463,1
4464,0
4465,7
4466,4
4467,3
4468,5
4469,5
4470,8
4471,9
4472,4
4473,8
4474,0
4475,6
4476,3
4477,0
4478,1
4479,3
4480,1
4481,2
4482,0
4483,1
4484,9
4485,7
4486,9
4487,5
4488,3
4489,1
4490,1
4491,6
4492,8
4493,2
4494,9
4495,3
4496,3
4497,9
4498,0
4499,6
4500,4
4501,2
4502,6
4503,8
4504,3
4505,0
4506,8
4507,7
4508,2
4509,1
4510,3
4511,5
4512,5
4513,0
4514,5
4515,4
4516,1
4517,2
4518,4
4519,7
4520,5
4521,7
4522,4
4523,0
4524,6
4525,1
4526,2
4527,6
4528,3
4529,0
4530,7
4531,0
4532,5
4533,3
4534,1
4535,6
4536,7
4537,6
4538,4
4539,4
4540,7
4541,6
4542,6
4543,2
4544,0
4545,0
4546,8
4547,0
4548,4
4549,3
4550,9
4551,3
4552,0
4553,3
4554,2
4555,5
4556,1
4557,2
4558,4
4559,9
4560,7
4561,1
4562,7
4563,7
4564,6
4565,9
4566,0
4567,3
4568,4
4569,4
4570,8
4571,7
4572,8
4573,7
4574,8
4575,7
4576,1
4577,8
4578,1
4579,9
4580,8
4581,5
4582,6
4583,1
4584,5
4585,5
4586,7
4587,5
4588,7
4589,6
4590,8
4591,0
4592,6
4593,6
4594,2
4595,2
4596,8
4597,3
4598,7
4599,1
4600,9
4601,5
4602,3
4603,2
4604,3
4605,4
4606,1
4607,9
4608,9
4609,9
4610,0
4611,0
4612,8
4613,9
4614,8
4615,7
4616,5
4617,5
4618,5
4619,8
4620,7
4621,3
4622,2
4623,9
4624,9
4625,9
4626,4
4627,1
4628,4
4629,2
4630,4
4631,8
4632,1
4633,4
4634,3
4635,2
4636,0
4637,3
4638,2
4639,6
4640,3
4641,1
4642,4
4643,6
4644,2
4645,8
4646,9
4647,6
4648,9
4649,6
4650,8
4651,9
4652,2
4653,4
4654,7
4655,5
4656,1
4657,9
4658,2
4659,9
4660,0
4661,9
4662,9
4663,5
4664,9
4665,9
4666,7
4667,4
4668,7
4669,0
4670,4
4671,7
4672,2
4673,2
4674,2
4675,0
4676,2
4677,1
4678,7
4679,2
4680,0
4681,4
4682,6
4683,3
4684,5
4685,5
4686,8
4687,4
4688,9
4689,2
4690,4
4691,4
4692,7
4693,5
4694,6
4695,5
4696,0
4697,0
4698,3
4699,5
4700,0
4701,3
4702,3
4703,4
4704,9
4705,7
4706,4
4707,5
4708,3
4709,6
4710,8
4711,9
4712,0
4713,0
4714,6
4715,2
4716,2
4717,2
4718,3
4719,2
4720,7
4721,2
4722,6
4723,7
4724,9
4725,1
4726,4
4727,4
4728,9
4729,9
4730,6
4731,1
4732,7
4733,9
4734,7
4735,8
4736,8
4737,6
4738,2
4739,0
4740,2
4741,0
4742,6
4743,5
4744,2
4745,6
4746,5
4747,3
4748,2
4749,6
4750,0
4751,0
4752,2
4753,6
4754,3
4755,1
4756,4
4757,1
4758,8
4759,5
4760,4
4761,9
4762,3
4763,5
4764,4
4765,3
4766,2
4767,9
4768,9
4769,0
4770,1
4771,1
4772,9
4773,2
4774,4
4775,9
4776,0
4777,8
4778,5
4779,3
4780,8
4781,7
4782,8
4783,0
4784,8
4785,1
4786,1
4787,2
4788,4
4789,0
4790,8
4791,0
4792,5
4793,7
4794,5
4795,0
4796,5
4797,3
4798,9
4799,8
4800,4
4801,8
4802,8
4803,7
4804,4
4805,2
4806,7
4807,5
4808,4
4809,5
4810,2
4811,1
4812,6
4813,3
4814,1
4815,3
4816,5
4817,8
4818,8
4819,8
4820,4
4821,9
4822,5
4823,2
4824,1
4825,9
4826,9
4827,0
4828,0
4829,5
4830,3
4831,7
4832,3
4833,1
4834,5
4835,0
4836,2
4837,6
4838,2
4839,4
4840,2
4841,2
4842,8
4843,1
4844,6
4845,9
4846,2
4847,3
4848,5
4849,5
4850,1
4851,1
4852,5
4853,6
4854,3
4855,9
4856,3
4857,9
4858,1
4859,1
4860,9
4861,3
4862,8
4863,3
4864,2
4865,6
4866,6
4867,1
4868,7
4869,7
4870,8
4871,0
4872,6
4873,4
4874,9
4875,8
4876,7
4877,0
4878,0
4879,9
4880,1
4881,7
4882,5
4883,8
4884,6
4885,6
4886,1
4887,9
4888,8
4889,1
4890,7
4891,7
4892,5
4893,2
4894,6
4895,5
4896,5
4897,4
4898,0
4899,0
4900,8
4901,3
4902,8
4903,3
4904,0
4905,1
4906,7
4907,4
4908,4
4909,9
4910,5
4911,1
4912,6
4913,2
4914,8
4915,2
4916,9
4917,6
4918,0
4919,7
4920,1
4921,6
4922,2
4923,1
4924,9
4925,2
4926,2
4927,2
4928,0
4929,4
4930,6
4931,6
4932,7
4933,0
4934,0
4935,6
4936,5
4937,0
4938,6
4939,2
4940,6
4941,5
4942,9
4943,3
4944,5
4945,8
4946,6
4947,9
4948,4
4949,5
4950,8
4951,0
4952,9
4953,3
4954,8
4955,4
4956,1
4957,1
4958,7
4959,0
4960,9
4961,0
4962,5
4963,2
4964,4
4965,7
4966,3
4967,0
4968,6
4969,0
4970,9
4971,5
4972,0
4973,7
4974,4
4975,9
4976,6
4977,6
4978,9
4979,4
4980,7
4981,0
4982,5
4983,5
4984,4
4985,7
4986,2
4987,7
4988,2
4989,0
4990,1
4991,4
4992,7
4993,2
4994,0
4995,1
4996,1
4997,1
4998,4
4999,2
5000,8
5001,4
5002,9
5003,1
5004,1
5005,1
5006,0
5007,9
5008,9
5009,1
5010,1
5011,5
5012,6
5013,9
5014,2
5015,0
5016,6
5017,5
5018,5
5019,9
5020,5
5021,1
5022,2
5023,3
5024,8
5025,1
5026,3
5027,1
5028,5
5029,6
5030,5
5031,2
5032,5
5033,2
5034,4
5035,9
5036,7
5037,4
5038,7
5039,2
5040,3
5041,2
5042,1
5043,0
5044,6
5045,6
5046,3
5047,3
5048,9
5049,8
5050,2
5051,1
5052,7
5053,0
5054,9
5055,9
5056,3
5057,2
5058,1
5059,4
5060,4
5061,3
5062,0
5063,9
5064,6
5065,5
5066,7
5067,9
5068,0
5069,1
5070,3
5071,2
5072,5
5073,7
5074,8
5075,9
5076,3
5077,0
5078,4
5079,8
5080,7
5081,8
5082,2
5083,3
5084,0
5085,3
5086,8
5087,7
5088,0
5089,7
5090,2
5091,8
5092,2
5093,2
5094,0
5095,6
5096,1
5097,6
5098,1
5099,6
5100,3
5101,4
5102,7
5103,4
5104,4
5105,3
5106,0
5107,4
5108,0
5109,0
5110,8
5111,5
5112,5
5113,0
5114,0
5115,7
5116,2
5117,1
5118,7
5119,4
5120,2
5121,8
5122,3
5123,4
5124,1
5125,4
5126,0
5127,7
5128,1
5129,5
5130,9
5131,8
5132,3
5133,8
5134,1
5135,7
5136,1
5137,1
5138,5
5139,2
5140,0
5141,4
5142,8
5143,7
5144,2
5145,1
5146,3
5147,2
5148,8
5149,6
5150,4
5151,0
5152,0
5153,8
5154,0
5155,7
5156,5
5157,9
5158,1
5159,1
5160,9
5161,9
5162,9
5163,0
5164,0
5165,6
5166,1
5167,4
5168,1
5169,2
5170,9
5171,5
5172,4
5173,1
5174,1
5175,7
5176,5
5177,1
5178,9
5179,3
5180,7
5181,3
5182,5
5183,3
5184,7
5185,2
5186,4
5187,6
5188,9
5189,1
5190,0
5191,7
5192,5
5193,7
5194,0
5195,8
5196,7
5197,2
5198,4
5199,7
5200,0
5201,5
5202,4
5203,6
5204,2
5205,6
5206,3
5207,2
5208,0
5209,4
5210,6
5211,0
5212,6
5213,0
5214,8
5215,8
5216,1
5217,1
5218,7
5219,9
5220,1
5221,0
5222,4
5223,4
5224,0
5225,7
5226,6
5227,7
5228,0
5229,3
5230,2
5231,9
5232,6
5233,7
5234,0
5235,2
5236,2
5237,1
5238,1
5239,0
5240,3
5241,4
5242,4
5243,1
5244,5
5245,5
5246,7
5247,0
5248,5
5249,9
5250,0
5251,4
5252,1
5253,4
5254,9
5255,0
5256,2
5257,1
5258,6
5259,1
5260,1
5261,7
5262,6
5263,6
5264,7
5265,5
5266,5
5267,9
5268,4
5269,8
5270,4
5271,1
5272,0
5273,0
5274,0
5275,7
5276,5
5277,5
5278,9
5279,3
5280,0
5281,1
5282,6
5283,9
5284,3
5285,7
5286,6
5287,8
5288,4
5289,9
5290,8
5291,1
5292,6
5293,5
5294,5
5295,8
5296,6
5297,2
5298,8
5299,9
5300,3
5301,7
5302,5
5303,4
5304,4
5305,6
5306,1
5307,8
5308,1
5309,6
5310,0
5311,2
5312,5
5313,2
5314,2
5315,4
5316,9
5317,8
5318,0
5319,8
5320,7
5321,1
5322,7
5323,2
5324,3
5325,8
5326,2
5327,0
5328,3
5329,1
5330,6
5331,4
5332,0
5333,6
5334,0
5335,0
5336,9
5337,8
5338,7
5339,4
5340,1
5341,9
5342,5
5343,0
5344,9
5345,1
5346,6
5347,2
5348,3
5349,5
5350,3
5351,4
5352,1
5353,3
5354,9
5355,0
5356,7
5357,9
5358,1
5359,1
5360,5
5361,4
5362,3
5363,1
5364,8
5365,5
5366,9
5367,4
5368,6
5369,1
5370,1
5371,3
5372,1
5373,9
5374,0
5375,3
5376,1
5377,9
5378,7
5379,2
5380,3
5381,5
5382,6
5383,5
5384,4
5385,4
5386,2
5387,0
5388,4
5389,7
5390,1
5391,8
5392,2
5393,9
5394,3
5395,5
5396,5
5397,9
5398,3
5399,5
5400,4
5401,7
5402,5
5403,2
5404,9
5405,5
5406,2
5407,4
5408,0
5409,4
5410,7
5411,2
5412,1
5413,6
5414,1
5415,5
5416,9
5417,8
5418,6
5419,2
5420,8
5421,3
5422,2
5423,0
5424,1
5425,0
5426,9
5427,9
5428,6
5429,8
5430,4
5431,1
5432,5
5433,1
5434,8
5435,6
5436,6
5437,1
5438,4
5439,7
5440,9
5441,5
5442,9
5443,6
5444,0
5445,1
5446,8
5447,2
5448,3
5449,6
5450,3
5451,9
5452,5
5453,8
5454,6
5455,0
5456,5
5457,8
5458,4
5459,3
5460,3
5461,6
5462,2
5463,2
5464,6
5465,0
5466,6
5467,5
5468,8
5469,2
5470,7
5471,0
5472,8
5473,6
5474,6
5475,2
5476,3
5477,7
5478,5
5479,1
5480,0
5481,8
5482,7
5483,6
5484,8
5485,1
5486,9
5487,8
5488,9
5489,0
5490,5
5491,8
5492,6
5493,1
5494,9
5495,5
5496,3
5497,1
5498,5
5499,0
5500,0
5501,5
5502,5
5503,0
5504,8
5505,6
5506,4
5507,6
5508,8
5509,1
5510,9
5511,3
5512,4
5513,2
5514,9
5515,3
5516,1
5517,1
5518,1
5519,5
5520,3
5521,1
5522,4
5523,1
5524,6
5525,9
5526,3
5527,8
5528,2
5529,3
5530,7
5531,1
5532,4
5533,9
5534,8
5535,9
5536,2
5537,5
5538,4
5539,0
5540,0
5541,1
5542,5
5543,5
5544,8
5545,3
5546,6
5547,5
5548,1
5549,1
5550,2
5551,3
5552,1
5553,1
5554,0
5555,5
5556,0
5557,3
5558,5
5559,9
5560,8
5561,0
5562,5
5563,2
5564,9
5565,2
5566,5
5567,4
5568,4
5569,5
5570,7
5571,3
5572,4
5573,0
5574,0
5575,3
5576,1
5577,2
5578,6
5579,3
5580,3
5581,8
5582,3
5583,0
5584,9
5585,0
5586,8
5587,5
5588,2
5589,0
5590,2
5591,8
5592,2
5593,7
5594,6
5595,7
5596,6
5597,1
5598,5
5599,6
5600,5
5601,0
5602,2
5603,1
5604,9
5605,2
5606,6
5607,9
5608,8
5609,6
5610,9
5611,4
5612,1
5613,1
5614,0
5615,2
5616,4
5617,0
5618,8
5619,6
5620,3
5621,3
5622,8
5623,9
5624,2
5625,0
5626,5
5627,3
5628,5
5629,9
5630,8
5631,3
5632,5
5633,6
5634,4
5635,2
5636,8
5637,4
5638,1
5639,4
5640,4
5641,8
5642,1
5643,5
5644,1
5645,5
5646,6
5647,1
5648,8
5649,2
5650,9
5651,3
5652,8
5653,0
5654,7
5655,4
5656,2
5657,0
5658,9
5659,0
5660,3
5661,9
5662,8
5663,0
5664,2
5665,2
5666,8
5667,3
5668,6
5669,3
5670,2
5671,0
5672,9
5673,2
5674,4
5675,4
5676,3
5677,6
5678,2
5679,8
5680,1
5681,7
5682,8
5683,5
5684,0
5685,5
5686,0
5687,5
5688,1
5689,0
5690,6
5691,1
5692,1
5693,8
5694,1
5695,3
5696,3
5697,6
5698,1
5699,5
5700,6
5701,9
5702,8
5703,2
5704,2
5705,0
5706,1
5707,2
5708,1
5709,8
5710,5
5711,0
5712,9
5713,7
5714,5
5715,3
5716,1
5717,6
5718,6
5719,0
5720,3
5721,3
5722,6
5723,0
5724,2
5725,6
5726,8
5727,6
5728,0
5729,6
5730,6
5731,4
5732,7
5733,9
5734,9
5735,4
5736,7
5737,8
5738,2
5739,2
5740,3
5741,8
5742,9
5743,9
5744,2
5745,0
5746,1
5747,1
5748,1
5749,8
5750,6
5751,2
5752,8
5753,8
5754,8
5755,3
5756,4
5757,9
5758,0
5759,7
5760,7
5761,7
5762,8
5763,4
5764,8
5765,1
5766,0
5767,7
5768,2
5769,3
5770,5
5771,9
5772,0
5773,7
5774,9
5775,7
5776,4
5777,3
5778,8
5779,3
5780,5
5781,9
5782,7
5783,7
5784,2
5785,8
5786,9
5787,5
5788,0
5789,6
5790,1
5791,2
5792,5
5793,5
5794,5
5795,3
5796,6
5797,6
5798,6
5799,5
5800,4
5801,6
5802,0
5803,6
5804,8
5805,4
5806,9
5807,6
5808,1
5809,3
5810,9
5811,1
5812,5
5813,7
5814,7
5815,1
5816,5
5817,4
5818,5
5819,4
5820,8
5821,4
5822,6
5823,1
5824,2
5825,6
5826,2
5827,9
5828,1
5829,2
5830,1
5831,8
5832,5
5833,7
5834,2
5835,8
5836,6
5837,5
5838,4
5839,2
5840,1
5841,9
5842,6
5843,9
5844,1
5845,3
5846,6
5847,2
5848,7
5849,4
5850,7
5851,2
5852,8
5853,6
5854,5
5855,7
5856,2
5857,9
5858,5
5859,7
5860,1
5861,9
5862,3
5863,5
5864,5
5865,0
5866,5
5867,1
5868,3
5869,2
5870,0
5871,6
5872,3
5873,5
5874,6
5875,4
5876,0
5877,1
5878,5
5879,9
5880,3
5881,5
5882,8
5883,4
5884,8
5885,1
5886,2
5887,4
5888,5
5889,7
5890,7
5891,9
5892,5
5893,8
5894,0
5895,4
5896,1
5897,2
5898,8
5899,6
5900,0
5901,6
5902,8
5903,0
5904,8
5905,2
5906,4
5907,5
5908,4
5909,5
5910,7
5911,1
5912,7
5913,1
5914,9
5915,3
5916,7
5917,3
5918,1
5919,9
5920,8
5921,8
5922,8
5923,3
5924,8
5925,8
5926,1
5927,2
5928,3
5929,6
5930,8
5931,5
5932,0
5933,2
5934,0
5935,2
5936,0
5937,0
5938,8
5939,5
5940,6
5941,1
5942,2
5943,8
5944,1
5945,9
5946,6
5947,5
5948,9
5949,2
5950,9
5951,8
5952,4
5953,0
5954,6
5955,5
5956,3
5957,8
5958,9
5959,9
5960,5
5961,1
5962,8
5963,2
5964,4
5965,0
5966,6
5967,5
5968,5
5969,1
5970,3
5971,1
5972,7
5973,6
5974,0
5975,9
5976,4
5977,4
5978,7
5979,8
5980,2
5981,5
5982,9
5983,2
5984,8
5985,7
5986,8
5987,5
5988,7
5989,2
5990,5
5991,1
5992,9
5993,2
5994,5
5995,1
5996,5
5997,6
5998,2
5999,3
6000,4
6001,0
6002,7
6003,1
6004,4
6005,6
6006,1
6007,0
6008,2
6009,1
6010,3
6011,0
6012,0
6013,6
6014,6
6015,3
6016,3
6017,9
6018,1
6019,9
6020,4
6021,1
6022,3
6023,2
6024,6
6025,6
6026,6
6027,5
6028,3
6029,0
6030,7
6031,2
6032,9
6033,1
6034,8
6035,8
6036,0
6037,5
6038,7
6039,9
6040,5
6041,6
6042,8
6043,8
6044,0
6045,2
6046,3
6047,3
6048,7
6049,2
6050,5
6051,9
6052,2
6053,7
6054,7
6055,6
6056,2
6057,8
6058,1
6059,4
6060,6
6061,0
6062,2
6063,9
6064,9
6065,1
6066,5
6067,5
6068,7
6069,4
6070,3
6071,7
6072,5
6073,9
6074,9
6075,5
6076,3
6077,4
6078,3
6079,9
6080,4
6081,7
6082,7
6083,4
6084,7
6085,5
6086,7
6087,8
6088,4
6089,7
6090,9
6091,0
6092,8
6093,8
6094,1
6095,2
6096,9
6097,0
6098,9
6099,0
6100,1
6101,7
6102,0
6103,2
6104,7
6105,4
6106,4
6107,7
6108,7
6109,2
6110,5
6111,5
6112,5
6113,0
6114,8
6115,8
6116,0
6117,5
6118,0
6119,3
6120,0
6121,1
6122,3
6123,9
6124,8
6125,7
6126,8
6127,1
6128,6
6129,6
6130,7
6131,9
6132,9
6133,9
6134,6
6135,6
6136,8
6137,8
6138,5
6139,4
6140,8
6141,6
6142,4
6143,0
6144,2
6145,0
6146,3
6147,2
6148,1
6149,4
6150,9
6151,3
6152,1
6153,4
6154,8
6155,7
6156,3
6157,7
6158,2
6159,4
6160,4
6161,3
6162,4
6163,9
6164,4
6165,8
6166,0
6167,4
6168,3
6169,5
6170,7
6171,1
6172,9
6173,1
6174,3
6175,5
6176,1
6177,3
6178,7
6179,5
6180,1
6181,7
6182,1
6183,6
6184,9
6185,9
6186,3
6187,8
6188,4
6189,5
6190,5
6191,5
6192,6
6193,5
6194,1
6195,5
6196,6
6197,7
6198,3
6199,0
6200,1
6201,2
6202,3
6203,1
6204,4
6205,5
6206,1
6207,8
6208,3
6209,4
6210,2
6211,8
6212,0
6213,2
6214,8
6215,0
6216,8
6217,6
6218,6
6219,2
6220,3
6221,3
6222,6
6223,4
6224,2
6225,1
6226,4
6227,7
6228,6
6229,3
6230,6
6231,3
6232,7
6233,3
6234,1
6235,2
6236,5
6237,9
6238,5
6239,1
6240,0
6241,4
6242,7
6243,2
6244,0
6245,9
6246,1
6247,5
6248,4
6249,8
6250,3
6251,4
6252,2
6253,7
6254,4
6255,0
6256,5
6257,9
6258,1
6259,3
6260,2
6261,5
6262,8
6263,9
6264,6
6265,2
6266,5
6267,0
6268,2
6269,7
6270,9
6271,8
6272,1
6273,2
6274,4
6275,7
6276,6
6277,8
6278,9
6279,1
6280,6
6281,2
6282,6
6283,9
6284,4
6285,0
6286,5
6287,6
6288,9
6289,0
6290,4
6291,7
6292,6
6293,0
6294,1
6295,2
6296,0
6297,6
6298,5
6299,7
6300,9
6301,9
6302,1
6303,2
6304,7
6305,7
6306,5
6307,7
6308,5
6309,0
6310,5
6311,6
6312,3
6313,3
6314,3
6315,5
6316,2
6317,8
6318,9
6319,6
6320,7
6321,6
6322,2
6323,2
6324,7
6325,7
6326,0
6327,0
6328,1
6329,2
6330,6
6331,0
6332,6
6333,5
6334,7
6335,5
6336,3
6337,2
6338,5
6339,6
6340,2
6341,1
6342,9
6343,8
6344,0
6345,1
6346,3
6347,9
6348,8
6349,9
6350,5
6351,2
6352,6
6353,0
6354,7
6355,9
6356,6
6357,9
6358,4
6359,7
6360,7
6361,5
6362,0
6363,1
6364,7
6365,1
6366,0
6367,3
6368,6
6369,3
6370,5
6371,4
6372,0
6373,4
6374,3
6375,4
6376,2
6377,3
6378,1
6379,8
6380,6
6381,0
6382,4
6383,6
6384,2
6385,6
6386,6
6387,0
6388,3
6389,5
6390,3
6391,4
6392,3
6393,8
6394,5
6395,9
6396,7
6397,6
6398,9
6399,5
6400,6
6401,2
6402,8
6403,6
6404,3
6405,7
6406,2
6407,1
6408,1
6409,7
6410,6
6411,7
6412,5
6413,6
6414,1
6415,8
6416,6
6417,0
6418,3
6419,4
6420,9
6421,6
6422,6
6423,1
6424,2
6425,9
6426,0
6427,3
6428,9
6429,2
6430,0
6431,4
6432,7
6433,5
6434,8
6435,6
6436,0
6437,6
6438,2
6439,6
6440,3
6441,1
6442,0
6443,3
6444,1
6445,7
6446,1
6447,1
6448,9
6449,5
6450,9
6451,9
6452,8
6453,3
6454,8
6455,6
6456,5
6457,0
6458,9
6459,1
6460,0
6461,3
6462,7
6463,7
6464,3
6465,4
6466,9
6467,8
6468,8
6469,5
6470,1
6471,5
6472,1
6473,0
6474,0
6475,5
6476,8
6477,9
6478,3
6479,9
6480,7
6481,5
6482,5
6483,7
6484,1
6485,1
6486,2
6487,2
6488,4
6489,9
6490,3
6491,0
6492,1
6493,4
6494,3
6495,2
6496,0
6497,8
6498,9
6499,8
6500,0
6501,4
6502,7
6503,5
6504,8
6505,5
6506,0
6507,8
6508,2
6509,2
6510,8
6511,2
6512,6
6513,9
6514,2
6515,3
6516,4
6517,3
6518,6
6519,7
6520,4
6521,1
6522,2
6523,1
6524,4
6525,5
6526,9
6527,1
6528,3
6529,2
6530,6
6531,3
6532,4
6533,1
6534,4
6535,2
6536,7
6537,1
6538,3
6539,3
6540,2
6541,2
6542,9
6543,7
6544,0
6545,0
6546,2
6547,8
6548,0
6549,6
6550,5
6551,4
6552,1
6553,6
6554,8
6555,2
6556,2
6557,2
6558,8
6559,3
6560,1
6561,7
6562,9
6563,9
6564,4
6565,7
6566,6
6567,9
6568,7
6569,1
6570,8
6571,6
6572,5
6573,7
6574,1
6575,1
6576,2
6577,8
6578,4
6579,9
6580,1
6581,7
6582,3
6583,7
6584,4
6585,5
6586,8
6587,1
6588,1
6589,4
6590,5
6591,8
6592,8
6593,9
6594,2
6595,6
6596,3
6597,0
6598,1
6599,1
6600,1
6601,1
6602,9
6603,0
6604,5
6605,7
6606,9
6607,7
6608,2
6609,2
6610,9
6611,4
6612,2
6613,8
6614,1
6615,0
6616,9
6617,1
6618,3
6619,9
6620,0
6621,8
6622,0
6623,2
6624,6
6625,2
6626,5
6627,2
6628,9
6629,1
6630,1
6631,6
6632,4
6633,1
6634,5
6635,1
6636,1
6637,2
6638,2
6639,6
6640,3
6641,0
6642,5
6643,0
6644,6
6645,9
6646,1
6647,4
6648,6
6649,1
6650,7
6651,9
6652,8
6653,3
6654,9
6655,2
6656,5
6657,8
6658,6
6659,8
6660,8
6661,8
6662,0
6663,5
6664,9
6665,1
6666,1
6667,5
6668,5
6669,7
6670,0
6671,1
6672,1
6673,6
6674,3
6675,4
6676,1
6677,0
6678,9
6679,1
6680,5
6681,3
6682,9
6683,3
6684,3
6685,1
6686,9
6687,7
6688,0
6689,2
6690,5
6691,6
6692,5
6693,7
6694,8
6695,7
6696,4
6697,3
6698,6
6699,4
6700,8
6701,5
6702,4
6703,8
6704,9
6705,9
6706,2
6707,7
6708,1
6709,1
6710,0
6711,2
6712,9
6713,0
6714,7
6715,6
6716,9
6717,8
6718,1
6719,6
6720,3
6721,5
6722,0
6723,7
6724,2
6725,1
6726,1
6727,1
6728,0
6729,3
6730,2
6731,7
6732,0
6733,3
6734,1
6735,7
6736,8
6737,0
6738,8
6739,6
6740,2
6741,5
6742,3
6743,9
6744,2
6745,0
6746,7
6747,0
6748,6
6749,9
6750,2
6751,4
6752,4
6753,1
6754,0
6755,7
6756,0
6757,5
6758,3
6759,8
6760,9
6761,4
6762,0
6763,1
6764,0
6765,0
6766,9
6767,5
6768,4
6769,7
6770,6
6771,7
6772,1
6773,0
6774,0
6775,1
6776,4
6777,6
6778,7
6779,7
6780,4
6781,8
6782,3
6783,3
6784,3
6785,2
6786,2
6787,9
6788,3
6789,1
6790,5
6791,5
6792,7
6793,6
6794,5
6795,2
6796,0
6797,3
6798,8
6799,6
6800,1
6801,7
6802,5
6803,5
6804,5
6805,0
6806,8
6807,6
6808,3
6809,9
6810,0
6811,3
6812,5
6813,6
6814,8
6815,2
6816,9
6817,3
6818,6
6819,3
6820,1
6821,6
6822,4
6823,3
6824,1
6825,3
6826,5
6827,3
6828,5
6829,0
6830,2
6831,2
6832,7
6833,2
6834,1
6835,1
6836,8
6837,5
6838,9
6839,8
6840,7
6841,0
6842,4
6843,7
6844,6
6845,5
6846,8
6847,6
6848,1
6849,7
6850,4
6851,9
6852,8
6853,1
6854,1
6855,1
6856,8
6857,9
6858,1
6859,3
6860,8
6861,0
6862,7
6863,3
6864,6
6865,1
6866,0
6867,7
6868,1
6869,4
6870,1
6871,3
6872,2
6873,1
6874,2
6875,0
6876,5
6877,1
6878,8
6879,9
6880,4
6881,9
6882,7
6883,3
6884,6
6885,2
6886,3
6887,4
6888,4
6889,8
6890,6
6891,1
6892,3
6893,8
6894,3
6895,3
6896,2
6897,7
6898,4
6899,6
6900,5
6901,6
6902,3
6903,6
6904,8
6905,9
6906,3
6907,8
6908,0
6909,3
6910,7
6911,4
6912,4
6913,8
6914,1
6915,3
6916,0
6917,1
6918,0
6919,1
6920,4
6921,5
6922,2
6923,1
6924,3
6925,0
6926,2
6927,7
6928,0
6929,4
6930,5
6931,3
6932,3
6933,0
6934,6
6935,7
6936,5
6937,4
6938,3
6939,8
6940,4
6941,0
6942,3
6943,5
6944,9
6945,4
6946,7
6947,9
6948,2
6949,6
6950,8
6951,5
6952,2
6953,9
6954,2
6955,0
6956,8
6957,3
6958,6
6959,8
6960,5
6961,2
6962,6
6963,3
6964,3
6965,1
6966,4
6967,0
6968,4
6969,3
6970,2
6971,8
6972,9
6973,0
6974,7
6975,3
6976,1
6977,6
6978,3
6979,9
6980,7
6981,1
6982,5
6983,9
6984,2
6985,7
6986,8
6987,1
6988,2
6989,1
6990,6
6991,3
6992,4
6993,9
6994,8
6995,9
6996,9
6997,4
6998,2
6999,2
7000,8
7001,7
7002,8
7003,3
7004,9
7005,8
7006,6
7007,1
7008,5
7009,3
7010,3
7011,7
7012,0
7013,6
7014,4
7015,8
7016,1
7017,5
7018,6
7019,7
7020,3
7021,2
7022,6
7023,7
7024,0
7025,7
7026,2
7027,2
7028,2
7029,0
7030,5
7031,6
7032,8
7033,6
7034,0
7035,6
7036,0
7037,0
7038,4
7039,0
7040,7
7041,6
7042,3
7043,1
7044,3
7045,8
7046,6
7047,6
7048,1
7049,6
7050,5
7051,0
7052,3
7053,3
7054,4
7055,4
7056,8
7057,9
7058,1
7059,0
7060,6
7061,1
7062,4
7063,4
7064,3
7065,7
7066,8
7067,5
7068,4
7069,4
7070,7
7071,3
7072,0
7073,5
7074,0
7075,3
7076,9
7077,4
7078,8
7079,5
7080,2
7081,3
7082,3
7083,0
7084,6
7085,3
7086,5
7087,1
7088,9
7089,7
7090,6
7091,7
7092,5
7093,9
7094,5
7095,1
7096,9
7097,5
7098,1
7099,0
7100,6
7101,7
7102,7
7103,8
7104,3
7105,5
7106,0
7107,5
7108,1
7109,1
7110,8
7111,1
7112,4
7113,8
7114,6
7115,5
7116,6
7117,8
7118,2
7119,4
7120,9
7121,1
7122,2
7123,4
7124,1
7125,0
7126,5
7127,5
7128,0
7129,1
7130,7
7131,9
7132,1
7133,3
7134,6
7135,8
7136,0
7137,5
7138,9
7139,4
7140,6
7141,2
7142,3
7143,4
7144,0
7145,1
7146,3
7147,3
7148,7
7149,6
7150,3
7151,1
7152,7
7153,8
7154,3
7155,1
7156,9
7157,4
7158,6
7159,7
7160,1
7161,0
7162,2
7163,7
7164,8
7165,9
7166,0
7167,8
7168,2
7169,8
7170,0
7171,9
7172,9
7173,3
7174,3
7175,4
7176,9
7177,6
7178,4
7179,5
7180,5
7181,4
7182,0
7183,2
7184,5
7185,8
7186,6
7187,5
7188,2
7189,6
7190,9
7191,2
7192,3
7193,9
7194,1
7195,8
7196,6
7197,0
7198,6
7199,2
7200,8
7201,4
7202,7
7203,0
7204,5
7205,9
7206,2
7207,5
7208,9
7209,2
7210,1
7211,7
7212,6
7213,1
7214,8
7215,9
7216,1
7217,1
7218,2
7219,8
7220,8
7221,4
7222,4
7223,6
7224,2
7225,6
7226,5
7227,8
7228,8
7229,8
7230,2
7231,3
7232,9
7233,0
7234,6
7235,7
7236,3
7237,5
7238,6
7239,9
7240,1
7241,0
7242,2
7243,1
7244,3
7245,1
7246,9
7247,3
7248,3
7249,6
7250,4
7251,4
7252,7
7253,5
7254,2
7255,3
7256,1
7257,1
7258,9
7259,4
7260,3
7261,8
7262,1
7263,9
7264,7
7265,9
7266,9
7267,4
7268,0
7269,6
7270,5
7271,1
7272,3
7273,6
7274,1
7275,3
7276,3
7277,1
7278,7
7279,5
7280,6
7281,9
7282,5
7283,0
7284,8
7285,8
7286,3
7287,3
7288,2
7289,9
7290,6
7291,0
7292,0
7293,3
7294,0
7295,5
7296,1
7297,1
7298,9
7299,9
7300,3
7301,9
7302,3
7303,6
7304,8
7305,7
7306,7
7307,7
7308,4
7309,5
7310,3
7311,2
7312,0
7313,3
7314,5
7315,9
7316,6
7317,9
7318,1
7319,2
7320,8
7321,5
7322,4
7323,0
7324,1
7325,3
7326,1
7327,0
7328,8
7329,3
7330,2
7331,1
7332,3
7333,3
7334,6
7335,2
7336,5
7337,1
7338,5
7339,5
7340,0
7341,0
7342,6
7343,2
7344,1
7345,8
7346,5
7347,6
7348,2
7349,7
7350,6
7351,5
7352,6
7353,3
7354,0
7355,8
7356,9
7357,7
7358,2
7359,8
7360,4
7361,2
7362,6
7363,4
7364,5
7365,8
7366,0
7367,7
7368,4
7369,9
7370,3
7371,4
7372,2
7373,6
7374,0
7375,9
7376,8
7377,4
7378,3
7379,3
7380,8
7381,9
7382,1
7383,2
7384,6
7385,5
7386,6
7387,2
7388,0
7389,8
7390,0
7391,3
7392,2
7393,4
7394,3
7395,1
7396,5
7397,9
7398,3
7399,6
7400,1
7401,7
7402,6
7403,4
7404,1
7405,5
7406,9
7407,9
7408,9
7409,6
7410,6
7411,3
7412,3
7413,1
7414,3
7415,9
7416,5
7417,8
7418,7
7419,8
7420,0
7421,0
7422,0
7423,7
7424,0
7425,0
7426,6
7427,3
7428,0
7429,4
7430,6
7431,3
7432,3
7433,1
7434,4
7435,2
7436,9
7437,5
7438,5
7439,6
7440,0
7441,2
7442,9
7443,8
7444,9
7445,5
7446,8
7447,5
7448,1
7449,8
7450,7
7451,7
7452,9
7453,6
7454,9
7455,1
7456,0
7457,5
7458,5
7459,5
7460,8
7461,2
7462,4
7463,3
7464,3
7465,8
7466,1
7467,9
7468,3
7469,5
7470,5
7471,4
7472,2
7473,3
7474,2
7475,6
7476,7
7477,3
7478,5
7479,1
7480,8
7481,1
7482,8
7483,0
7484,6
7485,8
7486,3
7487,2
7488,1
7489,4
7490,1
7491,2
7492,9
7493,8
7494,4
7495,1
7496,1
7497,1
7498,3
7499,0
7500,0
7501,7
7502,8
7503,3
7504,7
7505,9
7506,4
7507,9
7508,9
7509,3
7510,0
7511,9
7512,5
7513,2
7514,1
7515,5
7516,3
7517,6
7518,6
7519,2
7520,1
7521,0
7522,3
7523,1
7524,6
7525,5
7526,2
7527,9
7528,7
7529,7
7530,2
7531,6
7532,0
7533,9
7534,4
7535,5
7536,1
7537,1
7538,4
7539,2
7540,6
7541,9
7542,9
7543,0
7544,5
7545,2
7546,0
7547,9
7548,4
7549,6
7550,8
7551,5
7552,5
7553,3
7554,8
7555,2
7556,2
7557,2
7558,7
7559,9
7560,6
7561,9
7562,6
7563,6
7564,2
7565,6
7566,0
7567,4
7568,6
7569,4
7570,8
7571,8
7572,1
7573,8
7574,8
7575,7
7576,7
7577,3
7578,3
7579,8
7580,0
7581,3
7582,8
7583,3
7584,6
7585,6
7586,8
7587,4
7588,2
7589,0
7590,1
7591,0
7592,7
7593,1
7594,6
7595,0
7596,4
7597,1
7598,9
7599,0
7600,1
7601,2
7602,2
7603,3
7604,6
7605,5
7606,3
7607,6
7608,2
7609,8
7610,4
7611,5
7612,6
7613,0
7614,8
7615,5
7616,9
7617,7
7618,3
7619,2
7620,3
7621,7
7622,8
7623,6
7624,1
7625,9
7626,3
7627,0
7628,2
7629,0
7630,0
7631,8
7632,1
7633,5
7634,4
7635,7
7636,0
7637,0
7638,4
7639,1
7640,6
7641,6
7642,1
7643,2
7644,1
7645,4
7646,7
7647,1
7648,2
7649,1
7650,2
7651,0
7652,4
7653,4
7654,2
7655,3
7656,5
7657,0
7658,7
7659,6
7660,7
7661,0
7662,0
7663,4
7664,0
7665,5
7666,0
7667,1
7668,8
7669,0
7670,6
7671,7
7672,1
7673,9
7674,9
7675,9
7676,7
7677,6
7678,5
7679,0
7680,5
7681,7
7682,5
7683,0
7684,3
7685,9
7686,2
7687,5
7688,1
7689,1
7690,6
7691,5
7692,8
7693,2
7694,9
7695,7
7696,3
7697,6
7698,4
7699,3
7700,9
7701,7
7702,5
7703,9
7704,0
7705,8
7706,7
7707,7
7708,5
7709,7
7710,1
7711,0
7712,8
7713,3
7714,8
7715,7
7716,3
7717,8
7718,2
7719,6
7720,3
7721,5
7722,1
7723,3
7724,1
7725,9
7726,5
7727,6
7728,5
7729,1
7730,0
7731,5
7732,7
7733,0
7734,1
7735,2
7736,6
7737,7
7738,8
7739,6
7740,6
7741,7
7742,1
7743,3
7744,0
7745,9
7746,2
7747,8
7748,4
7749,4
7750,1
7751,9
7752,4
7753,5
7754,7
7755,1
7756,2
7757,2
7758,2
7759,2
7760,5
7761,9
7762,5
7763,1
7764,1
7765,2
7766,6
7767,8
7768,1
7769,8
7770,9
7771,3
7772,0
7773,9
7774,0
7775,5
7776,0
7777,8
7778,0
7779,8
7780,2
7781,8
7782,2
7783,5
7784,0
7785,9
7786,7
7787,6
7788,5
7789,2
7790,8
7791,8
7792,5
7793,2
7794,9
7795,4
7796,8
7797,6
7798,7
7799,7
7800,5
7801,8
7802,5
7803,6
7804,4
7805,5
7806,4
7807,9
7808,7
7809,1
7810,4
7811,6
7812,8
7813,9
7814,0
7815,3
7816,9
7817,9
7818,8
7819,9
7820,6
7821,4
7822,9
7823,2
7824,1
7825,5
7826,1
7827,7
7828,4
7829,9
7830,2
7831,6
7832,3
7833,6
7834,8
7835,8
7836,0
7837,0
7838,4
7839,1
7840,5
7841,7
7842,3
7843,4
7844,5
7845,7
7846,9
7847,0
7848,8
7849,7
7850,9
7851,5
7852,8
7853,0
7854,9
7855,9
7856,8
7857,8
7858,8
7859,0
7860,8
7861,0
7862,4
7863,7
7864,1
7865,3
7866,9
7867,8
7868,5
7869,4
7870,6
7871,8
7872,7
7873,8
7874,9
7875,4
7876,6
7877,3
7878,0
7879,9
7880,1
7881,0
7882,1
7883,5
7884,5
7885,2
7886,1
7887,3
7888,1
7889,6
7890,6
7891,8
7892,6
7893,5
7894,2
7895,9
7896,8
7897,6
7898,1
7899,9
7900,6
7901,9
7902,2
7903,1
7904,6
7905,1
7906,2
7907,3
7908,8
7909,4
7910,0
7911,2
7912,0
7913,8
7914,6
7915,4
7916,9
7917,3
7918,2
7919,4
7920,0
7921,5
7922,8
7923,0
7924,0
7925,4
7926,3
7927,9
7928,9
7929,6
7930,2
7931,5
7932,5
7933,8
7934,5
7935,2
7936,3
7937,9
7938,1
7939,7
7940,8
7941,3
7942,5
7943,3
7944,1
7945,8
7946,1
7947,4
7948,1
7949,5
7950,3
7951,4
7952,9
7953,8
7954,2
7955,0
7956,3
7957,5
7958,9
7959,0
7960,1
7961,6
7962,6
7963,1
7964,6
7965,0
7966,9
7967,2
7968,2
7969,0
7970,2
7971,4
7972,9
7973,7
7974,9
7975,4
7976,3
7977,3
7978,9
7979,8
7980,8
7981,0
7982,9
7983,1
7984,0
7985,0
7986,4
7987,8
7988,7
7989,4
7990,1
7991,0
7992,2
7993,9
7994,5
7995,1
7996,9
7997,3
7998,3
7999,8
8000,5
8001,5
8002,4
8003,1
8004,7
8005,6
8006,6
8007,9
8008,6
8009,5
8010,4
8011,4
8012,3
8013,8
8014,1
8015,5
8016,8
8017,1
8018,1
8019,7
8020,9
8021,1
8022,1
8023,1
8024,1
8025,1
8026,4
8027,5
8028,5
8029,7
8030,5
8031,9
8032,8
8033,8
8034,2
8035,5
8036,9
8037,5
8038,8
8039,1
8040,1
8041,2
8042,5
8043,9
8044,1
8045,2
8046,2
8047,8
8048,4
8049,5
8050,0
8051,9
8052,9
8053,6
8054,2
8055,0
8056,5
8057,0
8058,0
8059,5
8060,2
8061,7
8062,2
8063,6
8064,7
8065,6
8066,2
8067,0
8068,9
8069,8
8070,2
8071,2
8072,7
8073,8
8074,8
8075,2
8076,7
8077,8
8078,7
8079,0
8080,3
8081,4
8082,0
8083,6
8084,1
8085,8
8086,0
8087,1
8088,1
8089,0
8090,5
8091,7
8092,4
8093,9
8094,3
8095,7
8096,9
8097,9
8098,9
8099,7
8100,0
8101,9
8102,6
8103,8
8104,7
8105,7
8106,7
8107,7
8108,4
8109,6
8110,8
8111,0
8112,5
8113,2
8114,5
8115,2
8116,6
8117,3
8118,4
8119,2
8120,9
8121,6
8122,8
8123,0
8124,8
8125,1
8126,8
8127,5
8128,5
8129,3
8130,2
8131,5
8132,7
8133,6
8134,2
8135,1
8136,3
8137,6
8138,8
8139,3
8140,6
8141,0
8142,1
8143,2
8144,5
8145,0
8146,6
8147,5
8148,6
8149,0
8150,6
8151,0
8152,7
8153,9
8154,7
8155,4
8156,1
8157,2
8158,7
8159,6
8160,2
8161,6
8162,6
8163,7
8164,9
8165,1
8166,4
8167,6
8168,4
8169,2
8170,8
8171,9
8172,3
8173,7
8174,9
8175,2
8176,2
8177,8
8178,7
8179,5
8180,4
8181,6
8182,3
8183,4
8184,8
8185,1
8186,6
8187,7
8188,9
8189,1
8190,1
8191,4
8192,6
8193,6
8194,6
8195,3
8196,0
8197,5
8198,4
8199,3
8200,0
8201,7
8202,3
8203,8
8204,9
8205,0
8206,3
8207,4
8208,6
8209,5
8210,8
8211,5
8212,8
8213,0
8214,9
8215,3
8216,7
8217,5
8218,7
8219,8
8220,0
8221,4
8222,8
8223,5
8224,3
8225,9
8226,1
8227,2
8228,1
8229,9
8230,0
8231,9
8232,3
8233,9
8234,3
8235,0
8236,0
8237,3
8238,1
8239,3
8240,3
8241,2
8242,5
8243,5
8244,8
8245,5
8246,3
8247,4
8248,6
8249,4
8250,8
8251,5
8252,6
8253,9
8254,6
8255,3
8256,5
8257,3
8258,7
8259,2
8260,0
8261,2
8262,1
8263,1
8264,6
8265,7
8266,1
8267,9
8268,9
8269,7
8270,9
8271,6
8272,1
8273,8
8274,4
8275,9
8276,5
8277,5
8278,1
8279,2
8280,1
8281,2
8282,3
8283,3
8284,7
8285,6
8286,3
8287,8
8288,1
8289,6
8290,2
8291,4
8292,2
8293,0
8294,9
8295,6
8296,2
8297,4
8298,7
8299,5
8300,8
8301,9
8302,3
8303,7
8304,6
8305,3
8306,8
8307,3
8308,1
8309,4
8310,8
8311,7
8312,7
8313,5
8314,2
8315,1
8316,2
8317,1
8318,0
8319,0
8320,1
8321,9
8322,6
8323,4
8324,0
8325,1
8326,9
8327,6
8328,1
8329,4
8330,7
8331,0
8332,7
8333,1
8334,4
8335,2
8336,7
8337,8
8338,4
8339,3
8340,0
8341,9
8342,1
8343,3
8344,1
8345,5
8346,1
8347,1
8348,5
8349,6
8350,2
8351,3
8352,8
8353,1
8354,1
8355,0
8356,6
8357,5
8358,4
8359,5
8360,0
8361,8
8362,9
8363,7
8364,7
8365,3
8366,1
8367,9
8368,6
8369,9
8370,8
8371,8
8372,5
8373,1
8374,3
8375,0
8376,6
8377,7
8378,7
8379,1
8380,2
8381,3
8382,5
8383,9
8384,2
8385,5
8386,8
8387,5
8388,0
8389,8
8390,4
8391,9
8392,8
8393,1
8394,2
8395,4
8396,8
8397,7
8398,0
8399,6
8400,4
8401,4
8402,1
8403,4
8404,2
8405,3
8406,8
8407,5
8408,4
8409,5
8410,1
8411,6
8412,7
8413,4
8414,9
8415,2
8416,1
8417,6
8418,8
8419,8
8420,4
8421,2
8422,7
8423,4
8424,5
8425,0
8426,4
8427,3
8428,1
8429,8
8430,3
8431,3
8432,0
8433,5
8434,3
8435,0
8436,7
8437,6
8438,1
8439,5
8440,9
8441,7
8442,6
8443,3
8444,1
8445,0
8446,0
8447,3
8448,5
8449,8
8450,0
8451,6
8452,7
8453,1
8454,9
8455,0
8456,3
8457,9
8458,5
8459,8
8460,4
8461,7
8462,0
8463,4
8464,3
8465,0
8466,8
8467,3
8468,3
8469,5
8470,7
8471,7
8472,9
8473,6
8474,6
8475,8
8476,4
8477,4
8478,9
8479,5
8480,5
8481,9
8482,1
8483,4
8484,1
8485,2
8486,6
8487,5
8488,3
8489,1
8490,1
8491,7
8492,1
8493,6
8494,7
8495,1
8496,3
8497,8
8498,0
8499,6
8500,2
8501,5
8502,9
8503,2
8504,9
8505,3
8506,4
8507,7
8508,8
8509,3
8510,0
8511,6
8512,5
8513,7
8514,2
8515,4
8516,9
8517,6
8518,1
8519,2
8520,9
8521,1
8522,5
8523,0
8524,1
8525,0
8526,5
8527,2
8528,9
8529,8
8530,9
8531,4
8532,9
8533,6
8534,0
8535,2
8536,4
8537,1
8538,2
8539,3
8540,0
8541,7
8542,9
8543,5
8544,1
8545,0
8546,7
8547,7
8548,4
8549,8
8550,1
8551,5
8552,2
8553,2
8554,6
8555,1
8556,4
8557,1
8558,4
8559,6
8560,9
8561,6
8562,7
8563,6
8564,2
8565,1
8566,7
8567,6
8568,8
8569,7
8570,6
8571,4
8572,1
8573,1
8574,4
8575,3
8576,2
8577,1
8578,6
8579,6
8580,9
8581,8
8582,7
8583,6
8584,6
8585,9
8586,4
8587,2
8588,2
8589,2
8590,7
8591,5
8592,9
8593,9
8594,2
8595,5
8596,9
8597,3
8598,3
8599,1
8600,9
8601,9
8602,4
8603,9
8604,4
8605,6
8606,1
8607,3
8608,0
8609,9
8610,5
8611,9
8612,4
8613,7
8614,5
8615,2
8616,4
8617,1
8618,4
8619,1
8620,1
8621,1
8622,1
8623,4
8624,7
8625,3
8626,2
8627,1
8628,5
8629,4
8630,7
8631,0
8632,0
8633,5
8634,6
8635,9
8636,2
8637,0
8638,2
8639,5
8640,2
8641,2
8642,1
8643,9
8644,4
8645,9
8646,0
8647,7
8648,9
8649,0
8650,0
8651,9
8652,3
8653,6
8654,3
8655,5
8656,7
8657,9
8658,3
8659,1
8660,2
8661,7
8662,6
8663,4
8664,7
8665,9
8666,6
8667,7
8668,4
8669,3
8670,1
8671,2
8672,5
8673,2
8674,6
8675,9
8676,1
8677,6
8678,7
8679,9
8680,9
8681,6
8682,6
8683,1
8684,6
8685,5
8686,8
8687,0
8688,2
8689,6
8690,6
8691,8
8692,7
8693,0
8694,1
8695,2
8696,5
8697,8
8698,1
8699,5
8700,2
8701,1
8702,8
8703,6
8704,8
8705,5
8706,8
8707,6
8708,3
8709,9
8710,4
8711,0
8712,3
8713,7
8714,3
8715,1
8716,3
8717,0
8718,6
8719,5
8720,0
8721,5
8722,8
8723,5
8724,3
8725,3
8726,8
8727,6
8728,1
8729,5
8730,3
8731,7
8732,7
8733,2
8734,6
8735,2
8736,4
8737,9
8738,7
8739,9
8740,6
8741,2
8742,8
8743,0
8744,7
8745,3
8746,0
8747,2
8748,4
8749,8
8750,5
8751,7
8752,8
8753,6
8754,5
8755,2
8756,8
8757,8
8758,0
8759,3
8760,1
8761,8
8762,8
8763,4
8764,5
8765,9
8766,5
8767,3
8768,9
8769,4
8770,5
8771,8
8772,5
8773,6
8774,9
8775,9
8776,6
8777,3
8778,5
8779,8
8780,3
8781,5
8782,0
8783,2
8784,0
8785,0
8786,6
8787,6
8788,6
8789,4
8790,2
8791,5
8792,3
8793,5
8794,1
8795,0
8796,6
8797,8
8798,5
8799,8
8800,4
8801,0
8802,4
8803,8
8804,5
8805,4
8806,8
8807,9
8808,6
8809,5
8810,6
8811,6
8812,1
8813,3
8814,4
8815,9
8816,5
8817,4
8818,5
8819,7
8820,0
8821,7
8822,0
8823,6
8824,6
8825,0
8826,6
8827,4
8828,1
8829,6
8830,3
8831,3
8832,3
8833,6
8834,6
8835,1
8836,9
8837,1
8838,1
8839,9
8840,6
8841,1
8842,6
8843,4
8844,1
8845,1
8846,7
8847,7
8848,9
8849,5
8850,5
8851,2
8852,4
8853,3
8854,3
8855,9
8856,8
8857,6
8858,9
8859,9
8860,7
8861,2
8862,6
8863,7
8864,1
8865,0
8866,7
8867,9
8868,3
8869,1
8870,9
8871,3
8872,0
8873,4
8874,3
8875,6
8876,5
8877,7
8878,1
8879,6
8880,1
8881,4
8882,8
8883,9
8884,6
8885,7
8886,4
8887,9
8888,4
8889,0
8890,9
8891,4
8892,1
8893,6
8894,9
8895,6
8896,6
8897,0
8898,9
8899,0
8900,2
8901,0
8902,6
8903,9
8904,8
8905,0
8906,4
8907,2
8908,9
8909,1
8910,4
8911,9
8912,6
8913,0
8914,1
8915,6
8916,1
8917,1
8918,3
8919,6
8920,6
8921,0
8922,6
8923,7
8924,4
8925,7
8926,3
8927,3
8928,9
8929,1
8930,3
8931,1
8932,2
8933,8
8934,6
8935,9
8936,0
8937,0
8938,0
8939,4
8940,3
8941,7
8942,9
8943,6
8944,6
8945,0
8946,4
8947,1
8948,3
8949,0
8950,7
8951,9
8952,9
8953,0
8954,9
8955,4
8956,4
8957,8
8958,7
8959,3
8960,1
8961,4
8962,1
8963,1
8964,1
8965,6
8966,7
8967,8
8968,7
8969,0
8970,3
8971,0
8972,0
8973,0
8974,6
8975,4
8976,6
8977,2
8978,5
8979,3
8980,7
8981,6
8982,4
8983,4
8984,6
8985,5
8986,4
8987,8
8988,3
8989,1
8990,1
8991,7
8992,3
8993,4
8994,5
8995,3
8996,9
8997,7
8998,1
8999,5
9000,5
9001,1
9002,9
9003,3
9004,3
9005,1
9006,2
9007,3
9008,5
9009,9
9010,8
9011,8
9012,4
9013,8
9014,2
9015,1
9016,7
9017,2
9018,0
9019,2
9020,5
9021,3
9022,4
9023,0
9024,7
9025,4
9026,7
9027,7
9028,9
9029,6
9030,2
9031,0
9032,4
9033,8
9034,4
9035,4
9036,0
9037,8
9038,7
9039,9
9040,9
9041,7
9042,7
9043,8
9044,3
9045,7
9046,8
9047,1
9048,3
9049,2
9050,9
9051,9
9052,2
9053,0
9054,3
9055,1
9056,2
9057,4
9058,4
9059,3
9060,4
9061,4
9062,4
9063,1
9064,3
9065,9
9066,1
9067,5
9068,8
9069,7
9070,1
9071,4
9072,6
9073,4
9074,6
9075,9
9076,3
9077,0
9078,6
9079,3
9080,0
9081,5
9082,7
9083,6
9084,6
9085,9
9086,1
9087,7
9088,9
9089,1
9090,8
9091,4
9092,1
9093,1
9094,3
9095,8
9096,1
9097,9
9098,4
9099,1
9100,7
9101,9
9102,3
9103,9
9104,5
9105,5
9106,7
9107,1
9108,1
9109,2
9110,4
9111,9
9112,6
9113,0
9114,6
9115,4
9116,8
9117,1
9118,7
9119,0
9120,2
9121,0
9122,3
9123,2
9124,3
9125,0
9126,7
9127,0
9128,5
9129,6
9130,2
9131,0
9132,0
9133,0
9134,8
9135,4
9136,9
9137,7
9138,6
9139,8
9140,4
9141,5
9142,1
9143,5
9144,0
9145,0
9146,7
9147,1
9148,6
9149,0
9150,4
9151,9
9152,9
9153,5
9154,6
9155,3
9156,8
9157,2
9158,0
9159,3
9160,8
9161,3
9162,8
9163,4
9164,8
9165,5
9166,7
9167,1
9168,8
9169,3
9170,1
9171,7
9172,8
9173,2
9174,7
9175,9
9176,6
9177,3
9178,8
9179,0
9180,0
9181,7
9182,1
9183,7
9184,7
9185,1
9186,1
9187,1
9188,3
9189,0
9190,7
9191,5
9192,9
9193,4
9194,4
9195,5
9196,1
9197,6
9198,9
9199,6
9200,5
9201,6
9202,8
9203,3
9204,9
9205,8
9206,0
9207,3
9208,1
9209,2
9210,4
9211,8
9212,2
9213,1
9214,9
9215,2
9216,6
9217,4
9218,0
9219,0
9220,9
9221,0
9222,6
9223,9
9224,7
9225,2
9226,3
9227,0
9228,3
9229,9
9230,7
9231,1
9232,3
9233,6
9234,0
9235,5
9236,2
9237,2
9238,5
9239,6
9240,3
9241,2
9242,3
9243,0
9244,5
9245,1
9246,8
9247,2
9248,0
9249,4
9250,5
9251,2
9252,0
9253,2
9254,4
9255,7
9256,3
9257,7
9258,7
9259,1
9260,5
9261,1
9262,2
9263,7
9264,6
9265,7
9266,0
9267,9
9268,3
9269,0
9270,7
9271,5
9272,0
9273,0
9274,1
9275,1
9276,0
9277,9
9278,9
9279,3
9280,3
9281,3
9282,1
9283,9
9284,9
9285,4
9286,5
9287,8
9288,9
9289,0
9290,1
9291,5
9292,4
9293,2
9294,9
9295,5
9296,0
9297,7
9298,4
9299,5
9300,7
9301,5
9302,1
9303,7
9304,5
9305,2
9306,9
9307,1
9308,6
9309,1
9310,1
9311,9
9312,7
9313,2
9314,1
9315,4
9316,0
9317,7
9318,1
9319,9
9320,9
9321,6
9322,5
9323,5
9324,1
9325,6
9326,3
9327,4
9328,9
9329,4
9330,3
9331,1
9332,4
9333,9
9334,6
9335,4
9336,8
9337,6
9338,5
9339,5
9340,8
9341,2
9342,2
9343,5
9344,0
9345,8
9346,4
9347,9
9348,8
9349,9
9350,1
9351,9
9352,8
9353,0
9354,4
9355,0
9356,1
9357,1
9358,9
9359,9
9360,8
9361,7
9362,8
9363,0
9364,8
9365,3
9366,3
9367,8
9368,0
9369,7
9370,8
9371,4
9372,9
9373,7
9374,6
9375,8
9376,1
9377,1
9378,1
9379,8
9380,0
9381,2
9382,7
9383,2
9384,3
9385,1
9386,8
9387,7
9388,6
9389,7
9390,7
9391,6
9392,2
9393,2
9394,7
9395,3
9396,6
9397,4
9398,9
9399,2
9400,1
9401,9
9402,1
9403,4
9404,7
9405,1
9406,5
9407,0
9408,7
9409,2
9410,6
9411,4
9412,3
9413,3
9414,0
9415,5
9416,0
9417,9
9418,6
9419,4
9420,4
9421,6
9422,9
9423,7
9424,2
9425,2
9426,6
9427,5
9428,2
9429,9
9430,6
9431,6
9432,3
9433,3
9434,6
9435,1
9436,4
9437,4
9438,8
9439,2
9440,4
9441,5
9442,0
9443,8
9444,1
9445,0
9446,2
9447,0
9448,5
9449,2
9450,0
9451,9
9452,9
9453,7
9454,9
9455,0
9456,2
9457,2
9458,3
9459,5
9460,7
9461,6
9462,6
9463,1
9464,6
9465,6
9466,1
9467,6
9468,2
9469,9
9470,3
9471,2
9472,9
9473,6
9474,8
9475,0
9476,0
9477,7
9478,2
9479,6
9480,4
9481,1
9482,5
9483,7
9484,9
9485,9
9486,6
9487,8
9488,6
9489,2
9490,9
9491,9
9492,5
9493,2
9494,1
9495,3
9496,3
9497,6
9498,5
9499,9
9500,8
9501,5
9502,6
9503,0
9504,8
9505,5
9506,7
9507,4
9508,0
9509,5
9510,5
9511,2
9512,4
9513,2
9514,1
9515,7
9516,5
9517,5
9518,8
9519,6
9520,6
9521,1
9522,6
9523,1
9524,1
9525,1
9526,1
9527,9
9528,2
9529,1
9530,8
9531,9
9532,8
9533,8
9534,8
9535,3
9536,3
9537,7
9538,5
9539,3
9540,8
9541,5
9542,1
9543,1
9544,5
9545,9
9546,6
9547,6
9548,3
9549,9
9550,4
9551,0
9552,2
9553,5
9554,4
9555,0
9556,5
9557,3
9558,5
9559,2
9560,2
9561,6
9562,1
9563,6
9564,7
9565,6
9566,8
9567,2
9568,1
9569,5
9570,0
9571,1
9572,1
9573,3
9574,6
9575,5
9576,2
9577,9
9578,5
9579,4
9580,2
9581,1
9582,2
9583,2
9584,9
9585,2
9586,5
9587,0
9588,9
9589,0
9590,3
9591,0
9592,2
9593,3
9594,8
9595,6
9596,3
9597,9
9598,1
9599,5
9600,4
9601,5
9602,2
9603,5
9604,3
9605,7
9606,2
9607,2
9608,3
9609,9
9610,9
9611,6
9612,5
9613,1
9614,0
9615,4
9616,3
9617,0
9618,3
9619,3
9620,2
9621,7
9622,9
9623,1
9624,2
9625,1
9626,9
9627,8
9628,0
9629,5
9630,1
9631,3
9632,6
9633,2
9634,9
9635,9
9636,2
9637,7
9638,7
9639,7
9640,9
9641,4
9642,4
9643,8
9644,6
9645,9
9646,1
9647,9
9648,5
9649,9
9650,0
9651,8
9652,6
9653,2
9654,8
9655,0
9656,6
9657,9
9658,8
9659,6
9660,6
9661,3
9662,6
9663,8
9664,4
9665,9
9666,1
9667,6
9668,5
9669,3
9670,0
9671,6
9672,5
9673,3
9674,8
9675,3
9676,3
9677,9
9678,4
9679,5
9680,1
9681,6
9682,5
9683,5
9684,8
9685,6
9686,3
9687,8
9688,9
9689,2
9690,8
9691,3
9692,6
9693,3
9694,5
9695,4
9696,8
9697,6
9698,1
9699,8
9700,2
9701,6
9702,6
9703,1
9704,3
9705,2
9706,1
9707,4
9708,9
9709,7
9710,3
9711,4
9712,8
9713,2
9714,3
9715,8
9716,4
9717,7
9718,1
9719,2
9720,3
9721,0
9722,2
9723,5
9724,5
9725,4
9726,2
9727,5
9728,5
9729,1
9730,7
9731,8
9732,9
9733,7
9734,5
9735,8
9736,4
9737,5
9738,5
9739,7
9740,6
9741,5
9742,4
9743,5
9744,8
9745,3
9746,8
9747,9
9748,0
9749,9
9750,2
9751,5
9752,3
9753,6
9754,4
9755,6
9756,7
9757,7
9758,3
9759,5
9760,3
9761,6
9762,9
9763,7
9764,4
9765,2
9766,1
9767,5
9768,3
9769,3
9770,9
9771,6
9772,2
9773,3
9774,3
9775,2
9776,7
9777,3
9778,8
9779,9
9780,8
9781,1
9782,6
9783,7
9784,5
9785,1
9786,3
9787,1
9788,2
9789,6
9790,5
9791,0
9792,6
9793,2
9794,0
9795,1
9796,9
9797,6
9798,9
9799,8
9800,1
9801,0
9802,2
9803,1
9804,8
9805,3
9806,3
9807,4
9808,8
9809,1
9810,5
9811,4
9812,7
9813,8
9814,8
9815,9
9816,7
9817,0
9818,1
9819,0
9820,4
9821,7
9822,8
9823,0
9824,5
9825,7
9826,4
9827,2
9828,0
9829,9
9830,1
9831,6
9832,4
9833,1
9834,3
9835,1
9836,7
9837,1
9838,0
9839,1
9840,5
9841,5
9842,3
9843,2
9844,1
9845,6
9846,7
9847,6
9848,7
9849,4
9850,8
9851,6
9852,1
9853,2
9854,5
9855,3
9856,5
9857,1
9858,3
9859,1
9860,5
9861,8
9862,4
9863,9
9864,1
9865,3
9866,7
9867,9
9868,6
9869,6
9870,0
9871,4
9872,0
9873,7
9874,8
9875,3
9876,1
9877,2
9878,9
9879,1
9880,7
9881,9
9882,6
9883,1
9884,1
9885,7
9886,0
9887,9
9888,1
9889,7
9890,2
9891,5
9892,6
9893,0
9894,9
9895,1
9896,2
9897,0
9898,9
9899,0
9900,7
9901,2
9902,0
9903,9
9904,9
9905,8
9906,7
9907,1
9908,1
9909,2
9910,8
9911,0
9912,1
9913,4
9914,1
9915,1
9916,2
9917,4
9918,6
9919,2
9920,2
9921,4
9922,5
9923,4
9924,8
9925,6
9926,2
9927,4
9928,7
9929,6
9930,1
9931,5
9932,7
9933,2
9934,6
9935,2
9936,8
9937,6
9938,0
9939,5
9940,7
9941,8
9942,4
9943,4
9944,2
9945,0
9946,9
9947,9
9948,4
9949,2
9950,8
9951,0
9952,7
9953,5
9954,5
9955,9
9956,7
9957,9
9958,0
9959,3
9960,9
9961,7
9962,0
9963,6
9964,6
9965,4
9966,8
9967,1
9968,0
9969,2
9970,4
9971,3
9972,3
9973,0
9974,2
9975,0
9976,5
9977,9
9978,7
9979,5
9980,3
9981,3
9982,5
9983,0
9984,8
9985,9
9986,2
9987,1
9988,0
9989,2
9990,2
9991,3
9992,5
9993,0
9994,4
9995,0
9996,0
9997,8
9998,1
9999,7
10000,4
10001,4
10002,6
10003,9
10004,5
10005,3
10006,1
10007,6
10008,8
10009,7
10010,4
10011,1
10012,1
10013,6
10014,6
10015,9
10016,4
10017,5
10018,6
10019,5
10020,5
10021,9
10022,7
10023,0
10024,4
10025,9
10026,9
10027,7
10028,5
10029,2
10030,9
10031,0
10032,8
10033,0
10034,3
10035,8
10036,2
10037,8
10038,9
10039,1
10040,4
10041,5
10042,5
10043,2
10044,5
10045,5
10046,9
10047,4
10048,7
10049,8
10050,8
10051,4
10052,1
10053,6
10054,3
10055,0
10056,2
10057,9
10058,5
10059,5
10060,3
10061,7
10062,0
10063,3
10064,1
10065,7
10066,6
10067,1
10068,3
10069,9
10070,1
10071,9
10072,5
10073,0
10074,0
10075,6
10076,3
10077,5
10078,7
10079,3
10080,0
10081,1
10082,4
10083,3
10084,3
10085,9
10086,7
10087,0
10088,7
10089,5
10090,5
10091,2
10092,6
10093,4
10094,2
10095,7
10096,1
10097,6
10098,3
10099,7
10100,0
10101,0
10102,0
10103,5
10104,6
10105,5
10106,3
10107,0
10108,4
10109,0
10110,0
10111,5
10112,3
10113,0
10114,6
10115,2
10116,7
10117,5
10118,5
10119,3
10120,8
10121,9
10122,1
10123,7
10124,1
10125,7
10126,8
10127,5
10128,6
10129,4
10130,8
10131,9
10132,4
10133,9
10134,7
10135,9
10136,5
10137,5
10138,1
10139,6
10140,5
10141,0
10142,3
10143,6
10144,2
10145,0
10146,7
10147,7
10148,0
10149,0
10150,5
10151,9
10152,1
10153,7
10154,8
10155,1
10156,0
10157,5
10158,9
10159,3
10160,9
10161,0
10162,3
10163,5
10164,5
10165,4
10166,3
10167,8
10168,6
10169,5
10170,8
10171,1
10172,1
10173,8
10174,6
10175,8
10176,5
10177,1
10178,4
10179,6
10180,7
10181,2
10182,5
10183,9
10184,8
10185,9
10186,1
10187,9
10188,1
10189,6
10190,0
10191,1
10192,2
10193,9
10194,4
10195,5
10196,5
10197,2
10198,3
10199,5
10200,7
10201,9
10202,8
10203,4
10204,5
10205,9
10206,7
10207,8
10208,6
10209,8
10210,3
10211,3
10212,9
10213,4
10214,2
10215,2
10216,1
10217,5
10218,2
10219,4
10220,4
10221,7
10222,6
10223,0
10224,5
10225,0
10226,2
10227,4
10228,3
10229,3
10230,3
10231,8
10232,5
10233,3
10234,4
10235,3
10236,4
10237,5
10238,2
10239,0
10240,5
10241,6
10242,4
10243,9
10244,5
10245,9
10246,2
10247,8
10248,5
10249,6
10250,8
10251,7
10252,0
10253,9
10254,7
10255,4
10256,3
10257,0
10258,6
10259,3
10260,3
10261,7
10262,4
10263,6
10264,5
10265,5
10266,5
10267,4
10268,5
10269,9
10270,5
10271,9
10272,9
10273,4
10274,1
10275,5
10276,5
10277,2
10278,1
10279,9
10280,8
10281,0
10282,2
10283,7
10284,7
10285,5
10286,9
10287,9
10288,7
10289,5
10290,4
10291,3
10292,6
10293,2
10294,9
10295,3
10296,5
10297,3
10298,9
10299,2
10300,9
10301,3
10302,4
10303,8
10304,1
10305,1
10306,7
10307,0
10308,9
10309,8
10310,3
10311,8
10312,2
10313,0
10314,2
10315,0
10316,1
10317,6
10318,1
10319,8
10320,0
10321,1
10322,0
10323,0
10324,8
10325,8
10326,0
10327,5
10328,7
10329,0
10330,1
10331,3
10332,9
10333,6
10334,8
10335,9
10336,6
10337,4
10338,8
10339,0
10340,8
10341,4
10342,2
10343,0
10344,9
10345,0
10346,6
10347,6
10348,4
10349,1
10350,1
10351,1
10352,7
10353,0
10354,9
10355,6
10356,1
10357,9
10358,4
10359,7
10360,2
10361,5
10362,0
10363,0
10364,1
10365,2
10366,2
10367,8
10368,3
10369,1
10370,2
10371,5
10372,5
10373,1
10374,4
10375,8
10376,4
10377,5
10378,9
10379,4
10380,0
10381,2
10382,6
10383,3
10384,1
10385,6
10386,5
10387,8
10388,8
10389,5
10390,0
10391,4
10392,9
10393,9
10394,5
10395,0
10396,6
10397,4
10398,8
10399,5
10400,2
10401,9
10402,9
10403,9
10404,1
10405,8
10406,4
10407,7
10408,1
10409,1
10410,1
10411,8
10412,0
10413,9
10414,3
10415,5
10416,4
10417,5
10418,5
10419,7
10420,4
10421,7
10422,1
10423,2
10424,5
10425,9
10426,1
10427,0
10428,4
10429,6
10430,6
10431,0
10432,7
10433,1
10434,9
10435,5
10436,9
10437,8
10438,4
10439,8
10440,4
10441,2
10442,1
10443,9
10444,8
10445,8
10446,9
10447,7
10448,0
10449,3
10450,2
10451,1
10452,4
10453,4
10454,2
10455,8
10456,1
10457,2
10458,3
10459,9
10460,9
10461,1
10462,2
10463,7
10464,9
10465,0
10466,0
10467,3
10468,2
10469,9
10470,1
10471,1
10472,8
10473,5
10474,7
10475,1
10476,5
10477,0
10478,7
10479,6
10480,6
10481,0
10482,4
10483,8
10484,9
10485,3
10486,1
10487,8
10488,3
10489,0
10490,5
10491,9
10492,5
10493,3
10494,9
10495,3
10496,3
10497,2
10498,9
10499,5
10500,4
10501,0
10502,2
10503,5
10504,6
10505,6
10506,1
10507,5
10508,1
10509,0
10510,6
10511,3
10512,0
10513,0
10514,8
10515,6
10516,5
10517,8
10518,1
10519,8
10520,7
10521,8
10522,6
10523,2
10524,5
10525,3
10526,6
10527,8
10528,7
10529,7
10530,7
10531,0
10532,1
10533,1
10534,4
10535,7
10536,3
10537,5
10538,5
10539,5
10540,7
10541,6
10542,0
10543,3
10544,8
10545,6
10546,1
10547,4
10548,9
10549,8
10550,1
10551,1
10552,1
10553,0
10554,2
10555,6
10556,1
10557,2
10558,6
10559,9
10560,7
10561,6
10562,3
10563,6
10564,0
10565,1
10566,6
10567,3
10568,8
10569,3
10570,4
10571,3
10572,7
10573,9
10574,9
10575,9
10576,4
10577,5
10578,3
10579,7
10580,8
10581,9
10582,0
10583,5
10584,1
10585,8
10586,5
10587,7
10588,4
10589,7
10590,4
10591,9
10592,4
10593,5
10594,5
10595,2
10596,3
10597,4
10598,4
10599,6
10600,4
10601,6
10602,0
10603,9
10604,6
10605,3
10606,8
10607,6
10608,1
10609,3
10610,4
10611,1
10612,5
10613,4
10614,1
10615,9
10616,9
10617,1
10618,1
10619,4
10620,6
10621,6
10622,8
10623,6
10624,8
10625,3
10626,7
10627,8
10628,6
10629,0
10630,3
10631,7
10632,7
10633,1
10634,1
10635,4
10636,1
10637,5
10638,0
10639,7
10640,2
10641,8
10642,2
10643,0
10644,1
10645,1
10646,7
10647,2
10648,3
10649,1
10650,1
10651,7
10652,8
10653,5
10654,5
10655,1
10656,8
10657,5
10658,3
10659,9
10660,2
10661,3
10662,2
10663,6
10664,5
10665,4
10666,1
10667,3
10668,2
10669,7
10670,9
10671,2
10672,7
10673,3
10674,9
10675,1
10676,0
10677,7
10678,2
10679,6
10680,4
10681,5
10682,1
10683,2
10684,2
10685,9
10686,9
10687,3
10688,0
10689,2
10690,8
10691,7
10692,9
10693,2
10694,3
10695,3
10696,8
10697,1
10698,7
10699,3
10700,7
10701,6
10702,1
10703,2
10704,2
10705,6
10706,2
10707,2
10708,4
10709,9
10710,4
10711,7
10712,6
10713,4
10714,1
10715,2
10716,2
10717,7
10718,6
10719,9
10720,0
10721,3
10722,5
10723,2
10724,2
10725,1
10726,2
10727,1
10728,3
10729,1
10730,9
10731,0
10732,9
10733,5
10734,9
10735,1
10736,6
10737,4
10738,0
10739,8
10740,1
10741,9
10742,4
10743,7
10744,1
10745,0
10746,9
10747,4
10748,8
10749,6
10750,3
10751,4
10752,0
10753,5
10754,6
10755,6
10756,2
10757,4
10758,6
10759,8
10760,9
10761,2
10762,0
10763,0
10764,1
10765,6
10766,3
10767,6
10768,5
10769,9
10770,8
10771,2
10772,7
10773,7
10774,7
10775,1
10776,7
10777,9
10778,6
10779,9
10780,8
10781,7
10782,0
10783,7
10784,2
10785,8
10786,6
10787,9
10788,7
10789,2
10790,7
10791,9
10792,5
10793,2
10794,7
10795,1
10796,5
10797,5
10798,1
10799,9
10800,0
10801,8
10802,3
10803,7
10804,5
10805,1
10806,7
10807,5
10808,0
10809,8
10810,5
10811,3
10812,8
10813,6
10814,8
10815,6
10816,2
10817,7
10818,4
10819,3
10820,4
10821,1
10822,1
10823,3
10824,0
10825,0
10826,3
10827,7
10828,8
10829,2
10830,2
10831,4
10832,6
10833,9
10834,2
10835,3
10836,3
10837,5
10838,1
10839,9
10840,2
10841,3
10842,3
10843,6
10844,5
10845,3
10846,1
10847,9
10848,5
10849,4
10850,3
10851,2
10852,4
10853,8
10854,8
10855,1
10856,1
10857,1
10858,9
10859,7
10860,7
10861,1
10862,6
10863,3
10864,0
10865,0
10866,5
10867,3
10868,8
10869,7
10870,3
10871,2
10872,5
10873,3
10874,3
10875,1
10876,5
10877,9
10878,1
10879,5
10880,7
10881,1
10882,1
10883,0
10884,3
10885,6
10886,9
10887,1
10888,6
10889,6
10890,8
10891,8
10892,2
10893,9
10894,3
10895,1
10896,3
10897,1
10898,1
10899,5
10900,4
10901,5
10902,1
10903,1
10904,7
10905,0
10906,0
10907,5
10908,7
10909,7
10910,8
10911,0
10912,6
10913,5
10914,3
10915,1
10916,4
10917,3
10918,2
10919,2
10920,4
10921,4
10922,5
10923,0
10924,9
10925,7
10926,0
10927,4
10928,2
10929,0
10930,3
10931,8
10932,2
10933,0
10934,9
10935,1
10936,1
10937,2
10938,3
10939,5
10940,8
10941,0
10942,9
10943,3
10944,0
10945,8
10946,7
10947,5
10948,4
10949,4
10950,9
10951,4
10952,7
10953,6
10954,7
10955,1
10956,7
10957,7
10958,9
10959,4
10960,0
10961,0
10962,2
10963,5
10964,3
10965,4
10966,3
10967,9
10968,8
10969,3
10970,9
10971,2
10972,6
10973,3
10974,1
10975,7
10976,7
10977,6
10978,4
10979,9
10980,0
10981,9
10982,8
10983,7
10984,1
10985,9
10986,2
10987,3
10988,0
10989,0
10990,5
10991,9
10992,5
10993,7
10994,6
10995,9
10996,2
10997,3
10998,7
10999,1
11000,6
11001,4
11002,8
11003,5
11004,7
11005,5
11006,4
11007,4
11008,3
11009,1
11010,4
11011,2
11012,4
11013,5
11014,8
11015,7
11016,2
11017,3
11018,9
11019,5
11020,7
11021,0
11022,7
11023,1
11024,8
11025,9
11026,1
11027,4
11028,5
11029,5
11030,0
11031,7
11032,4
11033,9
11034,9
11035,1
11036,5
11037,9
11038,2
11039,0
11040,0
11041,0
11042,5
11043,7
11044,0
11045,4
11046,2
11047,2
11048,6
11049,4
11050,5
11051,2
11052,9
11053,8
11054,5
11055,9
11056,9
11057,4
11058,8
11059,0
11060,6
11061,1
11062,9
11063,5
11064,9
11065,3
11066,0
11067,6
11068,4
11069,3
11070,5
11071,8
11072,3
11073,5
11074,3
11075,8
11076,7
11077,0
11078,0
11079,5
11080,7
11081,9
11082,7
11083,3
11084,1
11085,5
11086,1
11087,8
11088,1
11089,7
11090,2
11091,8
11092,6
11093,9
11094,5
11095,8
11096,2
11097,2
11098,0
11099,6
11100,5
11101,2
11102,3
11103,0
11104,2
11105,5
11106,7
11107,4
11108,5
11109,1
11110,7
11111,1
11112,3
11113,4
11114,1
11115,5
11116,6
11117,7
11118,7
11119,8
11120,5
11121,5
11122,1
11123,8
11124,6
11125,7
11126,5
11127,7
11128,9
11129,0
11130,9
11131,5
11132,3
11133,6
11134,6
11135,7
11136,2
11137,7
11138,0
11139,9
11140,6
11141,6
11142,6
11143,2
11144,2
11145,6
11146,4
11147,7
11148,5
11149,6
11150,1
11151,3
11152,8
11153,0
11154,1
11155,4
11156,9
11157,3
11158,0
11159,9
11160,4
11161,2
11162,1
11163,4
11164,0
11165,0
11166,0
11167,1
11168,9
11169,4
11170,6
11171,0
11172,4
11173,1
11174,0
11175,1
11176,8
11177,1
11178,9
11179,7
11180,9
11181,8
11182,6
11183,5
11184,2
11185,8
11186,9
11187,5
11188,4
11189,4
11190,1
11191,2
11192,6
11193,2
11194,9
11195,8
11196,0
11197,6
11198,4
11199,2
11200,0
11201,6
11202,8
11203,8
11204,7
11205,6
11206,0
11207,1
11208,9
11209,0
11210,1
11211,8
11212,4
11213,4
11214,7
11215,3
11216,5
11217,4
11218,4
11219,7
11220,1
11221,0
11222,6
11223,2
11224,5
11225,2
11226,9
11227,1
11228,7
11229,0
11230,3
11231,6
11232,5
11233,0
11234,0
11235,5
11236,3
11237,6
11238,3
11239,6
11240,8
11241,0
11242,8
11243,8
11244,6
11245,0
11246,2
11247,4
11248,5
11249,2
11250,8
11251,9
11252,2
11253,4
11254,1
11255,0
11256,3
11257,3
11258,4
11259,2
11260,3
11261,9
11262,9
11263,9
11264,8
11265,9
11266,8
11267,6
11268,6
11269,0
11270,9
11271,3
11272,8
11273,4
11274,2
11275,2
11276,5
11277,3
11278,0
11279,0
11280,0
11281,5
11282,4
11283,7
11284,8
11285,7
11286,0
11287,1
11288,5
11289,2
11290,1
11291,1
11292,6
11293,1
11294,1
11295,2
11296,0
11297,6
11298,6
11299,6
11300,1
11301,2
11302,9
11303,7
11304,5
11305,1
11306,7
11307,3
11308,1
11309,3
11310,1
11311,9
11312,9
11313,1
11314,3
11315,0
11316,9
11317,6
11318,4
11319,0
11320,2
11321,0
11322,4
11323,4
11324,1
11325,6
11326,7
11327,6
11328,5
11329,8
11330,8
11331,5
11332,1
11333,8
11334,4
11335,5
11336,4
11337,8
11338,2
11339,9
11340,5
11341,8
11342,1
11343,6
11344,7
11345,3
11346,8
11347,3
11348,5
11349,9
11350,6
11351,2
11352,8
11353,9
11354,3
11355,3
11356,8
11357,4
11358,6
11359,7
11360,5
11361,2
11362,1
11363,3
11364,5
11365,3
11366,9
11367,9
11368,5
11369,3
11370,9
11371,5
11372,2
11373,0
11374,3
11375,4
11376,9
11377,7
11378,8
11379,5
11380,7
11381,8
11382,9
11383,4
11384,4
11385,1
11386,1
11387,9
11388,2
11389,3
11390,8
11391,8
11392,2
11393,8
11394,3
11395,1
11396,6
11397,6
11398,3
11399,6
11400,7
11401,3
11402,4
11403,4
11404,6
11405,8
11406,3
11407,9
11408,0
11409,4
11410,9
11411,0
11412,3
11413,1
11414,0
11415,3
11416,9
11417,8
11418,9
11419,9
11420,8
11421,2
11422,3
11423,2
11424,7
11425,5
11426,8
11427,1
11428,0
11429,6
11430,7
11431,5
11432,1
11433,6
11434,3
11435,3
11436,6
11437,1
11438,1
11439,5
11440,3
11441,6
11442,9
11443,3
11444,3
11445,9
11446,6
11447,2
11448,8
11449,3
11450,7
11451,0
11452,3
11453,5
11454,4
11455,4
11456,2
11457,9
11458,1
11459,9
11460,0
11461,2
11462,9
11463,7
11464,9
11465,3
11466,4
11467,7
11468,7
11469,5
11470,1
11471,3
11472,4
11473,8
11474,4
11475,1
11476,1
11477,2
11478,0
11479,5
11480,2
11481,5
11482,5
11483,7
11484,7
11485,4
11486,2
11487,3
11488,3
11489,3
11490,3
11491,6
11492,2
11493,6
11494,7
11495,0
11496,7
11497,5
11498,2
11499,4
11500,4
11501,0
11502,2
11503,3
11504,6
11505,8
11506,1
11507,6
11508,9
11509,9
11510,2
11511,1
11512,1
11513,6
11514,4
11515,8
11516,1
11517,5
11518,5
11519,2
11520,7
11521,0
11522,4
11523,7
11524,7
11525,5
11526,7
11527,3
11528,9
11529,0
11530,6
11531,2
11532,6
11533,0
11534,2
11535,7
11536,4
11537,9
11538,9
11539,0
11540,2
11541,5
11542,8
11543,9
11544,0
11545,7
11546,4
11547,4
11548,8
11549,7
11550,9
11551,3
11552,2
11553,5
11554,1
11555,2
11556,0
11557,0
11558,3
11559,4
11560,9
11561,0
11562,9
11563,6
11564,2
11565,8
11566,7
11567,7
11568,2
11569,1
11570,9
11571,5
11572,7
11573,5
11574,7
11575,4
11576,7
11577,4
11578,9
11579,5
11580,3
11581,8
11582,6
11583,1
11584,6
11585,9
11586,2
11587,1
11588,2
11589,9
11590,4
11591,8
11592,7
11593,1
11594,0
11595,6
11596,8
11597,4
11598,0
11599,1
11600,5
11601,4
11602,4
11603,4
11604,3
11605,8
11606,4
11607,6
11608,8
11609,5
11610,4
11611,0
11612,0
11613,9
11614,3
11615,9
11616,6
11617,5
11618,9
11619,4
11620,8
11621,9
11622,7
11623,9
11624,2
11625,9
11626,3
11627,5
11628,2
11629,6
11630,6
11631,7
11632,7
11633,7
11634,8
11635,4
11636,2
11637,9
11638,5
11639,0
11640,5
11641,5
11642,7
11643,5
11644,6
11645,8
11646,6
11647,0
11648,8
11649,7
11650,5
11651,5
11652,5
11653,0
11654,7
11655,5
11656,3
11657,0
11658,1
11659,5
11660,6
11661,5
11662,5
11663,1
11664,1
11665,1
11666,1
11667,6
11668,0
11669,7
11670,3
11671,4
11672,4
11673,5
11674,8
11675,2
11676,0
11677,6
11678,0
11679,8
11680,3
11681,8
11682,9
11683,9
11684,9
11685,2
11686,4
11687,2
11688,2
11689,9
11690,8
11691,5
11692,9
11693,6
11694,7
11695,5
11696,7
11697,5
11698,8
11699,8
11700,1
11701,9
11702,5
11703,2
11704,4
11705,3
11706,5
11707,1
11708,1
11709,2
11710,7
11711,8
11712,2
11713,4
11714,2
11715,8
11716,0
11717,5
11718,1
11719,4
11720,5
11721,4
11722,7
11723,8
11724,5
11725,3
11726,8
11727,1
11728,2
11729,5
11730,7
11731,0
11732,1
11733,8
11734,0
11735,3
11736,4
11737,1
11738,0
11739,1
11740,7
11741,9
11742,1
11743,8
11744,6
11745,7
11746,3
11747,8
11748,6
11749,8
11750,0
11751,4
11752,8
11753,0
11754,7
11755,4
11756,6
11757,5
11758,9
11759,6
11760,6
11761,6
11762,9
11763,8
11764,4
11765,7
11766,2
11767,6
11768,9
11769,0
11770,2
11771,3
11772,8
11773,7
11774,7
11775,9
11776,1
11777,0
11778,6
11779,6
11780,4
11781,8
11782,2
11783,3
11784,3
11785,5
11786,7
11787,9
11788,0
11789,7
11790,3
11791,3
11792,0
11793,7
11794,5
11795,4
11796,2
11797,2
11798,4
11799,6
11800,4
11801,4
11802,4
11803,0
11804,8
11805,5
11806,0
11807,7
11808,9
11809,1
11810,4
11811,2
11812,3
11813,0
11814,2
11815,3
11816,9
11817,0
11818,9
11819,5
11820,4
11821,3
11822,2
11823,7
11824,2
11825,9
11826,7
11827,4
11828,4
11829,5
11830,4
11831,0
11832,6
11833,2
11834,9
11835,8
11836,9
11837,9
11838,9
11839,0
11840,2
11841,7
11842,4
11843,8
11844,8
11845,1
11846,6
11847,0
11848,0
11849,6
11850,6
11851,1
11852,4
11853,5
11854,6
11855,6
11856,9
11857,6
11858,0
11859,7
11860,6
11861,0
11862,6
11863,3
11864,2
11865,8
11866,9
11867,4
11868,2
11869,4
11870,6
11871,3
11872,5
11873,6
11874,9
11875,2
11876,0
11877,2
11878,3
11879,7
11880,9
11881,1
11882,5
11883,0
11884,7
11885,4
11886,8
11887,3
11888,7
11889,3
11890,1
11891,3
11892,0
11893,4
11894,9
11895,1
11896,7
11897,1
11898,2
11899,1
11900,6
11901,7
11902,9
11903,2
11904,2
11905,0
11906,8
11907,1
11908,3
11909,5
11910,1
11911,9
11912,8
11913,7
11914,9
11915,1
11916,5
11917,1
11918,2
11919,8
11920,0
11921,8
11922,1
11923,7
11924,2
11925,1
11926,7
11927,5
11928,0
11929,1
11930,6
11931,6
11932,4
11933,7
11934,9
11935,9
11936,1
11937,6
11938,9
11939,6
11940,1
11941,4
11942,0
11943,9
11944,4
11945,5
11946,8
11947,2
11948,6
11949,9
11950,2
11951,5
11952,7
11953,0
11954,7
11955,2
11956,1
11957,0
11958,5
11959,2
11960,0
11961,1
11962,0
11963,4
11964,7
11965,2
11966,4
11967,2
11968,7
11969,7
11970,0
11971,4
11972,0
11973,2
11974,3
11975,5
11976,8
11977,0
11978,9
11979,0
11980,8
11981,8
11982,4
11983,0
11984,9
11985,5
11986,2
11987,7
11988,4
11989,7
11990,2
11991,4
11992,2
11993,4
11994,1
11995,3
11996,8
11997,4
11998,9
11999,4
12000,7
12001,3
12002,0
12003,1
12004,1
12005,7
12006,2
12007,9
12008,1
12009,7
12010,9
12011,4
12012,5
12013,4
12014,3
12015,2
12016,1
12017,1
12018,4
12019,8
12020,5
12021,3
12022,2
12023,3
12024,6
12025,6
12026,1
12027,1
12028,6
12029,5
12030,2
12031,5
12032,6
12033,5
12034,9
12035,7
12036,6
12037,6
12038,7
12039,5
12040,5
12041,9
12042,9
12043,5
12044,9
12045,8
12046,3
12047,3
12048,5
12049,0
12050,1
12051,5
12052,9
12053,0
12054,7
12055,9
12056,6
12057,6
12058,6
12059,6
12060,7
12061,5
12062,4
12063,8
12064,7
12065,1
12066,1
12067,1
12068,5
12069,9
12070,1
12071,6
12072,4
12073,4
12074,5
12075,8
12076,8
12077,2
12078,1
12079,0
12080,0
12081,6
12082,6
12083,3
12084,8
12085,8
12086,7
12087,7
12088,8
12089,5
12090,8
12091,6
12092,1
12093,3
12094,8
12095,3
12096,3
12097,9
12098,7
12099,6
12100,9
12101,4
12102,5
12103,1
12104,9
12105,9
12106,4
12107,2
12108,7
12109,5
12110,7
12111,3
12112,8
12113,1
12114,0
12115,2
12116,7
12117,5
12118,5
12119,0
12120,2
12121,7
12122,5
12123,9
12124,9
12125,4
12126,2
12127,8
12128,1
12129,0
12130,6
12131,5
12132,9
12133,6
12134,1
12135,4
12136,0
12137,4
12138,1
12139,5
12140,0
12141,0
12142,7
12143,1
12144,2
12145,4
12146,1
12147,4
12148,4
12149,0
12150,3
12151,3
12152,6
12153,6
12154,8
12155,9
12156,4
12157,4
12158,6
12159,8
12160,2
12161,2
12162,2
12163,9
12164,9
12165,1
12166,9
12167,9
12168,6
12169,0
12170,1
12171,6
12172,2
12173,2
12174,6
12175,5
12176,3
12177,9
12178,3
12179,8
12180,9
12181,7
12182,2
12183,3
12184,7
12185,7
12186,7
12187,9
12188,1
12189,1
12190,3
12191,1
12192,2
12193,2
12194,7
12195,5
12196,9
12197,5
12198,9
12199,2
12200,0
12201,2
12202,4
12203,1
12204,3
12205,1
12206,6
12207,2
12208,7
12209,1
12210,0
12211,1
12212,5
12213,3
12214,9
12215,1
12216,4
12217,1
12218,2
12219,0
12220,7
12221,9
12222,8
12223,4
12224,7
12225,3
12226,3
12227,3
12228,6
12229,9
12230,3
12231,3
12232,9
12233,0
12234,7
12235,1
12236,8
12237,8
12238,2
12239,6
12240,3
12241,6
12242,7
12243,2
12244,9
12245,7
12246,5
12247,3
12248,0
12249,1
12250,2
12251,1
12252,6
12253,8
12254,3
12255,2
12256,2
12257,5
12258,6
12259,5
12260,3
12261,9
12262,5
12263,8
12264,9
12265,5
12266,0
12267,8
12268,5
12269,9
12270,1
12271,2
12272,3
12273,3
12274,1
12275,8
12276,2
12277,0
12278,6
12279,3
12280,4
12281,1
12282,0
12283,7
12284,7
12285,7
12286,9
12287,6
12288,0
12289,1
12290,0
12291,0
12292,1
12293,6
12294,5
12295,7
12296,9
12297,1
12298,8
12299,4
12300,5
12301,4
12302,9
12303,7
12304,6
12305,8
12306,2
12307,9
12308,6
12309,0
12310,1
12311,9
12312,7
12313,2
12314,9
12315,1
12316,2
12317,5
12318,9
12319,4
12320,6
12321,3
12322,8
12323,5
12324,4
12325,2
12326,7
12327,3
12328,8
12329,6
12330,5
12331,5
12332,3
12333,4
12334,5
12335,2
12336,5
12337,8
12338,8
12339,5
12340,0
12341,9
12342,3
12343,7
12344,9
12345,1
12346,3
12347,9
12348,8
12349,9
12350,4
12351,4
12352,3
12353,3
12354,1
12355,4
12356,2
12357,0
12358,7
12359,0
12360,5
12361,3
12362,1
12363,9
12364,9
12365,0
12366,5
12367,6
12368,6
12369,2
12370,7
12371,0
12372,0
12373,9
12374,2
12375,9
12376,5
12377,7
12378,3
12379,0
12380,2
12381,9
12382,8
12383,5
12384,7
12385,3
12386,3
12387,1
12388,1
12389,1
12390,8
12391,7
12392,5
12393,0
12394,3
12395,1
12396,0
12397,5
12398,4
12399,5
12400,5
12401,9
12402,3
12403,9
12404,8
12405,1
12406,3
12407,6
12408,6
12409,1
12410,1
12411,1
12412,7
12413,6
12414,9
12415,8
12416,9
12417,1
12418,9
12419,9
12420,2
12421,1
12422,7
12423,0
12424,9
12425,0
12426,9
12427,1
12428,4
12429,4
12430,9
12431,0
12432,5
12433,8
12434,3
12435,1
12436,2
12437,3
12438,6
12439,8
12440,2
12441,0
12442,5
12443,0
12444,6
12445,0
12446,3
12447,1
12448,7
12449,2
12450,0
12451,6
12452,4
12453,8
12454,6
12455,2
12456,4
12457,2
12458,9
12459,8
12460,5
12461,7
12462,2
12463,8
12464,0
12465,0
12466,0
12467,1
12468,9
12469,1
12470,1
12471,4
12472,8
12473,4
12474,5
12475,4
12476,2
12477,5
12478,3
12479,1
12480,8
12481,7
12482,6
12483,1
12484,9
12485,9
12486,7
12487,3
12488,4
12489,4
12490,5
12491,7
12492,1
12493,6
12494,0
12495,3
12496,2
12497,9
12498,1
12499,8
12500,3
12501,7
12502,3
12503,8
12504,5
12505,7
12506,1
12507,5
12508,7
12509,1
12510,1
12511,3
12512,5
12513,1
12514,4
12515,3
12516,0
12517,7
12518,1
12519,0
12520,1
12521,3
12522,1
12523,4
12524,5
12525,7
12526,8
12527,3
12528,5
12529,2
12530,8
12531,2
12532,0
12533,4
12534,2
12535,8
12536,3
12537,5
12538,8
12539,5
12540,6
12541,7
12542,9
12543,2
12544,2
12545,2
12546,0
12547,2
12548,6
12549,5
12550,3
12551,5
12552,3
12553,7
12554,2
12555,1
12556,9
12557,6
12558,0
12559,8
12560,6
12561,8
12562,9
12563,9
12564,5
12565,3
12566,4
12567,8
12568,1
12569,6
12570,7
12571,9
12572,6
12573,8
12574,0
12575,7
12576,9
12577,8
12578,9
12579,3
12580,2
12581,4
12582,2
12583,0
12584,6
12585,7
12586,3
12587,6
12588,3
12589,0
12590,5
12591,6
12592,1
12593,6
12594,2
12595,1
12596,5
12597,1
12598,2
12599,5
12600,3
12601,7
12602,9
12603,8
12604,5
12605,3
12606,5
12607,7
12608,3
12609,6
12610,6
12611,4
12612,5
12613,3
12614,9
12615,9
12616,6
12617,1
12618,3
12619,8
12620,6
12621,6
12622,4
12623,0
12624,7
12625,5
12626,7
12627,9
12628,0
12629,1
12630,8
12631,8
12632,9
12633,0
12634,2
12635,0
12636,6
12637,1
12638,1
12639,4
12640,1
12641,6
12642,0
12643,4
12644,0
12645,4
12646,4
12647,9
12648,5
12649,5
12650,3
12651,2
12652,6
12653,8
12654,9
12655,0
12656,2
12657,0
12658,3
12659,1
12660,8
12661,5
12662,7
12663,8
12664,2
12665,1
12666,0
12667,4
12668,0
12669,5
12670,9
12671,0
12672,7
12673,0
12674,8
12675,0
12676,7
12677,5
12678,1
12679,5
12680,0
12681,3
12682,1
12683,2
12684,9
12685,9
12686,3
12687,7
12688,3
12689,3
12690,9
12691,2
12692,6
12693,2
12694,4
12695,3
12696,1
12697,0
12698,6
12699,9
12700,2
12701,5
12702,5
12703,1
12704,6
12705,0
12706,5
12707,0
12708,0
12709,9
12710,7
12711,6
12712,3
12713,0
12714,9
12715,0
12716,6
12717,8
12718,8
12719,9
12720,2
12721,7
12722,9
12723,9
12724,4
12725,7
12726,6
12727,4
12728,1
12729,7
12730,3
12731,9
12732,1
12733,4
12734,0
12735,8
12736,5
12737,3
12738,9
12739,1
12740,1
12741,8
12742,9
12743,9
12744,7
12745,7
12746,3
12747,4
12748,4
12749,5
12750,6
12751,4
12752,7
12753,3
12754,7
12755,8
12756,5
12757,2
12758,3
12759,7
12760,5
12761,3
12762,2
12763,4
12764,0
12765,2
12766,6
12767,8
12768,9
12769,5
12770,4
12771,2
12772,6
12773,7
12774,5
12775,4
12776,8
12777,5
12778,0
12779,0
12780,3
12781,0
12782,8
12783,7
12784,2
12785,4
12786,6
12787,3
12788,7
12789,3
12790,8
12791,4
12792,8
12793,9
12794,1
12795,1
12796,2
12797,9
12798,1
12799,5
12800,5
12801,0
12802,9
12803,6
12804,2
12805,3
12806,1
12807,4
12808,4
12809,6
12810,3
12811,6
12812,9
12813,3
12814,7
12815,5
12816,5
12817,3
12818,3
12819,5
12820,7
12821,1
12822,4
12823,4
12824,0
12825,6
12826,0
12827,4
12828,5
12829,5
12830,0
12831,1
12832,5
12833,8
12834,9
12835,1
12836,3
12837,1
12838,1
12839,6
12840,5
12841,6
12842,1
12843,5
12844,5
12845,8
12846,7
12847,0
12848,3
12849,9
12850,4
12851,7
12852,1
12853,3
12854,6
12855,4
12856,1
12857,1
12858,6
12859,2
12860,3
12861,3
12862,1
12863,5
12864,6
12865,7
12866,0
12867,9
12868,5
12869,8
12870,7
12871,6
12872,9
12873,3
12874,9
12875,8
12876,2
12877,7
12878,8
12879,9
12880,7
12881,6
12882,3
12883,3
12884,3
12885,6
12886,4
12887,3
12888,9
12889,2
12890,7
12891,3
12892,7
12893,1
12894,0
12895,9
12896,5
12897,7
12898,6
12899,2
12900,2
12901,5
12902,5
12903,6
12904,0
12905,8
12906,3
12907,7
12908,9
12909,3
12910,4
12911,0
12912,3
12913,6
12914,4
12915,4
12916,9
12917,8
12918,1
12919,7
12920,7
12921,3
12922,0
12923,7
12924,5
12925,5
12926,5
12927,4
12928,8
12929,9
12930,7
12931,4
12932,9
12933,1
12934,0
12935,8
12936,9
12937,5
12938,9
12939,6
12940,8
12941,5
12942,8
12943,2
12944,6
12945,9
12946,2
12947,5
12948,2
12949,9
12950,4
12951,6
12952,8
12953,6
12954,7
12955,1
12956,8
12957,5
12958,7
12959,4
12960,4
12961,2
12962,3
12963,6
12964,3
12965,3
12966,6
12967,9
12968,9
12969,8
12970,0
12971,4
12972,4
12973,5
12974,7
12975,7
12976,8
12977,4
12978,3
12979,7
12980,7
12981,2
12982,1
12983,3
12984,6
12985,9
12986,5
12987,9
12988,1
12989,2
12990,0
12991,3
12992,1
12993,4
12994,5
12995,7
12996,6
12997,2
12998,5
12999,7
13000,1
13001,3
13002,9
13003,8
13004,1
13005,5
13006,8
13007,4
13008,0
13009,3
13010,3
13011,6
13012,1
13013,6
13014,2
13015,3
13016,1
13017,6
13018,0
13019,5
13020,1
13021,3
13022,3
13023,8
13024,9
13025,3
13026,4
13027,4
13028,3
13029,1
13030,1
13031,5
13032,9
13033,5
13034,1
13035,7
13036,5
13037,4
13038,6
13039,4
13040,3
13041,1
13042,1
13043,4
13044,0
13045,7
13046,0
13047,1
13048,1
13049,8
13050,5
13051,8
13052,4
13053,2
13054,8
13055,4
13056,8
13057,0
13058,0
13059,9
13060,4
13061,1
13062,0
13063,4
13064,5
13065,6
13066,7
13067,2
13068,0
13069,6
13070,0
13071,3
13072,8
13073,9
13074,9
13075,8
13076,8
13077,4
13078,6
13079,0
13080,9
13081,1
13082,9
13083,0
13084,5
13085,4
13086,4
13087,9
13088,8
13089,2
13090,1
13091,9
13092,6
13093,0
13094,8
13095,8
13096,3
13097,8
13098,9
13099,2
13100,5
13101,2
13102,2
13103,0
13104,2
13105,8
13106,2
13107,6
13108,9
13109,4
13110,5
13111,1
13112,3
13113,5
13114,2
13115,4
13116,1
13117,0
13118,0
13119,2
13120,6
13121,3
13122,2
13123,0
13124,0
13125,7
13126,3
13127,8
13128,4
13129,7
13130,1
13131,4
13132,9
13133,3
13134,1
13135,7
13136,6
13137,4
13138,9
13139,1
13140,9
13141,4
13142,2
13143,2
13144,2
13145,5
13146,7
13147,5
13148,5
13149,3
13150,4
13151,7
13152,2
13153,4
13154,1
13155,6
13156,7
13157,0
13158,0
13159,3
13160,0
13161,7
13162,9
13163,7
13164,5
13165,6
13166,6
13167,9
13168,9
13169,1
13170,5
13171,2
13172,4
13173,9
13174,0
13175,4
13176,9
13177,7
13178,5
13179,6
13180,1
13181,1
13182,6
13183,6
13184,5
13185,3
13186,0
13187,2
13188,6
13189,9
13190,1
13191,3
13192,0
13193,7
13194,4
13195,1
13196,3
13197,5
13198,8
13199,6
13200,8
13201,5
13202,4
13203,9
13204,9
13205,3
13206,3
13207,0
13208,1
13209,0
13210,5
13211,4
13212,7
13213,5
13214,2
13215,6
13216,8
13217,6
13218,2
13219,8
13220,9
13221,7
13222,9
13223,4
13224,8
13225,6
13226,9
13227,3
13228,9
13229,0
13230,0
13231,3
13232,1
13233,6
13234,8
13235,9
13236,2
13237,6
13238,7
13239,6
13240,0
13241,6
13242,1
13243,0
13244,7
13245,1
13246,9
13247,3
13248,6
13249,3
13250,7
13251,1
13252,4
13253,0
13254,1
13255,9
13256,5
13257,0
13258,4
13259,2
13260,4
13261,8
13262,3
13263,1
13264,3
13265,7
13266,9
13267,6
13268,2
13269,4
13270,4
13271,2
13272,4
13273,1
13274,6
13275,4
13276,4
13277,5
13278,0
13279,2
13280,6
13281,9
13282,1
13283,2
13284,0
13285,2
13286,5
13287,6
13288,4
13289,8
13290,4
13291,6
13292,8
13293,0
13294,2
13295,0
13296,7
13297,5
13298,4
13299,2
13300,6
13301,0
13302,5
13303,4
13304,5
13305,9
13306,6
13307,4
13308,1
13309,4
13310,4
13311,6
13312,2
13313,0
13314,2
13315,5
13316,4
13317,9
13318,4
13319,5
13320,0
13321,7
13322,4
13323,5
13324,1
13325,4
13326,0
13327,5
13328,0
13329,0
13330,4
13331,2
13332,1
13333,2
13334,8
13335,4
13336,1
13337,9
13338,4
13339,2
13340,7
13341,5
13342,7
13343,3
13344,7
13345,2
13346,1
13347,4
13348,5
13349,1
13350,1
13351,0
13352,9
13353,7
13354,2
13355,5
13356,1
13357,9
13358,0
13359,8
13360,1
13361,9
13362,9
13363,5
13364,5
13365,7
13366,4
13367,1
13368,1
13369,3
13370,0
13371,2
13372,6
13373,7
13374,0
13375,9
13376,7
13377,1
13378,4
13379,8
13380,1
13381,1
13382,0
13383,9
13384,6
13385,5
13386,6
13387,6
13388,9
13389,2
13390,6
13391,5
13392,5
13393,1
13394,1
13395,2
13396,3
13397,4
13398,0
13399,0
13400,3
13401,1
13402,6
13403,7
13404,4
13405,7
13406,1
13407,1
13408,2
13409,7
13410,1
13411,1
13412,9
13413,9
13414,1
13415,5
13416,5
13417,4
13418,2
13419,6
13420,6
13421,6
13422,6
13423,2
13424,6
13425,8
13426,0
13427,2
13428,3
13429,1
13430,7
13431,9
13432,7
13433,1
13434,3
13435,7
13436,6
13437,0
13438,9
13439,2
13440,6
13441,0
13442,0
13443,6
13444,8
13445,3
13446,9
13447,1
13448,6
13449,6
13450,7
13451,1
13452,9
13453,1
13454,3
13455,5
13456,3
13457,1
13458,2
13459,0
13460,6
13461,1
13462,4
13463,2
13464,5
13465,5
13466,8
13467,9
13468,0
13469,1
13470,1
13471,6
13472,9
13473,1
13474,3
13475,4
13476,3
13477,5
13478,3
13479,2
13480,2
13481,8
13482,6
13483,1
13484,6
13485,8
13486,1
13487,4
13488,7
13489,7
13490,5
13491,1
13492,4
13493,8
13494,1
13495,6
13496,9
13497,1
13498,3
13499,6
13500,8
13501,4
13502,5
13503,0
13504,9
13505,9
13506,0
13507,6
13508,3
13509,9
13510,4
13511,3
13512,5
13513,7
13514,1
13515,1
13516,9
13517,3
13518,4
13519,3
13520,2
13521,4
13522,9
13523,1
13524,9
13525,4
13526,4
13527,0
13528,1
13529,4
13530,6
13531,3
13532,5
13533,7
13534,5
13535,0
13536,2
13537,1
13538,1
13539,9
13540,7
13541,4
13542,4
13543,9
13544,2
13545,0
13546,5
13547,8
13548,3
13549,8
13550,3
13551,3
13552,1
13553,7
13554,3
13555,9
13556,9
13557,9
13558,9
13559,5
13560,6
13561,2
13562,7
13563,4
13564,1
13565,9
13566,0
13567,8
13568,6
13569,0
13570,0
13571,7
13572,2
13573,7
13574,5
13575,9
13576,1
13577,6
13578,9
13579,0
13580,5
13581,4
13582,2
13583,3
13584,3
13585,6
13586,3
13587,1
13588,7
13589,6
13590,4
13591,2
13592,6
13593,4
13594,3
13595,9
13596,2
13597,8
13598,8
13599,5
13600,6
13601,2
13602,0
13603,6
13604,9
13605,7
13606,5
13607,0
13608,1
13609,0
13610,1
13611,0
13612,3
13613,0
13614,7
13615,5
13616,8
13617,4
13618,7
13619,7
13620,2
13621,7
13622,0
13623,1
13624,3
13625,5
13626,8
13627,3
13628,7
13629,6
13630,1
13631,5
13632,4
13633,8
13634,9
13635,4
13636,1
13637,9
13638,7
13639,7
13640,1
13641,5
13642,4
13643,0
13644,8
13645,9
13646,0
13647,3
13648,3
13649,8
13650,1
13651,9
13652,7
13653,9
13654,3
13655,0
13656,4
13657,6
13658,7
13659,8
13660,2
13661,1
13662,4
13663,5
13664,9
13665,2
13666,6
13667,0
13668,9
13669,5
13670,8
13671,2
13672,8
13673,7
13674,8
13675,7
13676,5
13677,0
13678,6
13679,1
13680,8
13681,2
13682,9
13683,1
13684,3
13685,4
13686,5
13687,7
13688,4
13689,4
13690,1
13691,3
13692,6
13693,6
13694,0
13695,6
13696,0
13697,0
13698,4
13699,5
13700,1
13701,1
13702,9
13703,6
13704,0
13705,1
13706,0
13707,0
13708,0
13709,6
13710,2
13711,0
13712,8
13713,0
13714,8
13715,2
13716,1
13717,0
13718,4
13719,2
13720,3
13721,6
13722,8
13723,1
13724,0
13725,3
13726,8
13727,9
13728,5
13729,7
13730,9
13731,8
13732,4
13733,2
13734,2
13735,4
13736,9
13737,6
13738,3
13739,6
13740,0
13741,6
13742,1
13743,7
13744,6
13745,7
13746,5
13747,1
13748,6
13749,9
13750,7
13751,3
13752,3
13753,9
13754,3
13755,7
13756,8
13757,9
13758,8
13759,0
13760,9
13761,0
13762,6
13763,2
13764,3
13765,8
13766,0
13767,9
13768,6
13769,9
13770,1
13771,8
13772,1
13773,3
13774,1
13775,4
13776,5
13777,1
13778,5
13779,5
13780,7
13781,3
13782,1
13783,2
13784,3
13785,0
13786,5
13787,8
13788,0
13789,4
13790,5
13791,5
13792,6
13793,1
13794,6
13795,7
13796,7
13797,2
13798,8
13799,9
13800,8
13801,4
13802,3
13803,3
13804,7
13805,3
13806,9
13807,9
13808,6
13809,6
13810,3
13811,4
13812,4
13813,9
13814,0
13815,0
13816,6
13817,1
13818,9
13819,5
13820,5
13821,4
13822,7
13823,1
13824,7
13825,0
13826,9
13827,1
13828,9
13829,1
13830,0
13831,8
13832,2
13833,4
13834,6
13835,8
13836,5
13837,9
13838,9
13839,5
13840,2
13841,3
13842,4
13843,7
13844,8
13845,3
13846,9
13847,6
13848,5
13849,9
13850,9
13851,2
13852,1
13853,7
13854,5
13855,0
13856,2
13857,5
13858,7
13859,3
13860,3
13861,4
13862,7
13863,3
13864,0
13865,1
13866,1
13867,4
13868,2
13869,2
13870,0
13871,8
13872,3
13873,8
13874,3
13875,2
13876,5
13877,0
13878,5
13879,9
13880,4
13881,2
13882,9
13883,2
13884,9
13885,0
13886,2
13887,5
13888,7
13889,1
13890,9
13891,7
13892,1
13893,3
13894,6
13895,7
13896,5
13897,0
13898,7
13899,2
13900,2
13901,7
13902,1
13903,7
13904,0
13905,0
13906,5
13907,7
13908,8
13909,0
13910,0
13911,9
13912,9
13913,7
13914,5
13915,7
13916,2
13917,4
13918,4
13919,1
13920,3
13921,2
13922,6
13923,0
13924,6
13925,0
13926,0
13927,9
13928,6
13929,0
13930,0
13931,0
13932,6
13933,3
13934,4
13935,7
13936,0
13937,6
13938,7
13939,5
13940,2
13941,6
13942,4
13943,2
13944,5
13945,3
13946,4
13947,9
13948,1
13949,5
13950,8
13951,2
13952,8
13953,9
13954,2
13955,2
13956,1
13957,2
13958,5
13959,0
13960,3
13961,9
13962,1
13963,7
13964,6
13965,6
13966,8
13967,7
13968,4
13969,3
13970,3
13971,7
13972,4
13973,3
13974,2
13975,7
13976,2
13977,1
13978,6
13979,5
13980,6
13981,8
13982,4
13983,4
13984,0
13985,2
13986,2
13987,7
13988,1
13989,1
13990,6
13991,2
13992,8
13993,6
13994,6
13995,2
13996,3
13997,3
13998,7
13999,4
14000,8
14001,7
14002,0
14003,9
14004,7
14005,0
14006,0
14007,8
14008,4
14009,2
14010,2
14011,0
14012,9
14013,2
14014,8
14015,0
14016,5
14017,0
14018,1
14019,3
14020,4
14021,2
14022,7
14023,5
14024,3
14025,2
14026,6
14027,1
14028,0
14029,5
14030,5
14031,6
14032,4
14033,4
14034,1
14035,6
14036,2
14037,6
14038,9
14039,0
14040,1
14041,3
14042,1
14043,5
14044,4
14045,4
14046,7
14047,4
14048,7
14049,3
14050,3
14051,3
14052,7
14053,9
14054,4
14055,0
14056,8
14057,9
14058,6
14059,3
14060,0
14061,5
14062,5
14063,1
14064,6
14065,6
14066,4
14067,0
14068,1
14069,5
14070,8
14071,6
14072,7
14073,4
14074,0
14075,1
14076,9
14077,9
14078,0
14079,9
14080,9
14081,0
14082,0
14083,2
14084,9
14085,1
14086,4
14087,8
14088,7
14089,6
14090,4
14091,2
14092,1
14093,6
14094,7
14095,1
14096,3
14097,2
14098,0
14099,6
14100,7
14101,4
14102,4
14103,6
14104,7
14105,6
14106,2
14107,9
14108,8
14109,1
14110,2
14111,1
14112,1
14113,1
14114,1
14115,6
14116,3
14117,0
14118,3
14119,1
14120,5
14121,2
14122,2
14123,0
14124,3
14125,1
14126,2
14127,8
14128,1
14129,3
14130,2
14131,3
14132,3
14133,0
14134,3
14135,1
14136,5
14137,2
14138,2
14139,8
14140,3
14141,6
14142,0
14143,6
14144,1
14145,0
14146,8
14147,6
14148,5
14149,0
14150,2
14151,0
14152,4
14153,5
14154,7
14155,7
14156,0
14157,2
14158,6
14159,8
14160,7
14161,4
14162,4
14163,9
14164,8
14165,9
14166,7
14167,1
14168,6
14169,9
14170,6
14171,4
14172,0
14173,6
14174,5
14175,8
14176,1
14177,0
14178,6
14179,1
14180,2
14181,0
14182,1
14183,7
14184,4
14185,0
14186,9
14187,0
14188,8
14189,2
14190,9
14191,5
14192,0
14193,1
14194,0
14195,9
14196,3
14197,0
14198,6
14199,1
14200,7
14201,3
14202,2
14203,6
14204,5
14205,0
14206,1
14207,3
14208,2
14209,1
14210,4
14211,9
14212,8
14213,8
14214,3
14215,0
14216,7
14217,5
14218,6
14219,7
14220,7
14221,7
14222,7
14223,5
14224,9
14225,1
14226,9
14227,3
14228,1
14229,1
14230,6
14231,9
14232,7
14233,4
14234,6
14235,6
14236,9
14237,7
14238,8
14239,6
14240,2
14241,0
14242,9
14243,5
14244,4
14245,4
14246,1
14247,2
14248,4
14249,3
14250,1
14251,8
14252,5
14253,3
14254,8
14255,5
14256,8
14257,6
14258,1
14259,1
14260,5
14261,0
14262,8
14263,1
14264,7
14265,7
14266,6
14267,7
14268,3
14269,1
14270,7
14271,9
14272,3
14273,7
14274,8
14275,6
14276,3
14277,6
14278,7
14279,7
14280,0
14281,2
14282,1
14283,2
14284,4
14285,9
14286,7
14287,2
14288,9
14289,1
14290,1
14291,4
14292,9
14293,0
14294,9
14295,9
14296,6
14297,3
14298,1
14299,6
14300,3
14301,9
14302,8
14303,2
14304,8
14305,0
14306,1
14307,5
14308,5
14309,4
14310,0
14311,2
14312,6
14313,3
14314,4
14315,7
14316,3
14317,1
14318,9
14319,1
14320,7
14321,0
14322,7
14323,6
14324,5
14325,9
14326,0
14327,9
14328,2
14329,7
14330,9
14331,1
14332,7
14333,6
14334,1
14335,4
14336,5
14337,9
14338,8
14339,6
14340,8
14341,6
14342,9
14343,2
14344,6
14345,2
14346,6
14347,4
14348,5
14349,0
14350,6
14351,6
14352,6
14353,1
14354,9
14355,2
14356,9
14357,9
14358,1
14359,6
14360,5
14361,6
14362,8
14363,3
14364,0
14365,1
14366,4
14367,5
14368,5
14369,3
14370,9
14371,7
14372,1
14373,3
14374,8
14375,0
14376,5
14377,8
14378,8
14379,1
14380,4
14381,5
14382,2
14383,7
14384,2
14385,8
14386,7
14387,4
14388,4
14389,0
14390,0
14391,5
14392,4
14393,4
14394,9
14395,2
14396,7
14397,5
14398,8
14399,3
14400,9
14401,7
14402,8
14403,4
14404,6
14405,9
14406,8
14407,1
14408,2
14409,3
14410,2
14411,8
14412,4
14413,9
14414,3
14415,7
14416,7
14417,5
14418,0
14419,7
14420,6
14421,3
14422,2
14423,4
14424,5
14425,6
14426,1
14427,1
14428,7
14429,2
14430,5
14431,4
14432,5
14433,6
14434,8
14435,3
14436,6
14437,4
14438,5
14439,4
14440,9
14441,0
14442,5
14443,4
14444,3
14445,7
14446,3
14447,8
14448,4
14449,4
14450,9
14451,3
14452,0
14453,3
14454,7
14455,9
14456,7
14457,9
14458,3
14459,3
14460,0
14461,2
14462,7
14463,9
14464,7
14465,4
14466,2
14467,6
14468,6
14469,9
14470,1
14471,5
14472,8
14473,2
14474,8
14475,9
14476,5
14477,7
14478,5
14479,3
14480,7
14481,5
14482,5
14483,9
14484,0
14485,4
14486,0
14487,1
14488,0
14489,4
14490,4
14491,7
14492,4
14493,7
14494,3
14495,7
14496,6
14497,2
14498,6
14499,7
14500,6
14501,2
14502,5
14503,7
14504,2
14505,9
14506,8
14507,5
14508,4
14509,2
14510,3
14511,2
14512,6
14513,5
14514,0
14515,7
14516,8
14517,8
14518,9
14519,1
14520,1
14521,2
14522,1
14523,5
14524,3
14525,1
14526,4
14527,7
14528,2
14529,7
14530,6
14531,1
14532,1
14533,9
14534,4
14535,4
14536,8
14537,1
14538,3
14539,5
14540,8
14541,1
14542,6
14543,3
14544,6
14545,8
14546,2
14547,6
14548,7
14549,9
14550,9
14551,6
14552,3
14553,4
14554,6
14555,0
14556,3
14557,4
14558,2
14559,5
14560,9
14561,3
14562,2
14563,2
14564,0
14565,2
14566,9
14567,7
14568,6
14569,0
14570,5
14571,7
14572,9
14573,8
14574,6
14575,9
14576,5
14577,4
14578,8
14579,7
14580,2
14581,7
14582,7
14583,5
14584,4
14585,7
14586,3
14587,4
14588,2
14589,6
14590,5
14591,0
14592,1
14593,2
14594,5
14595,5
14596,6
14597,2
14598,8
14599,5
14600,0
14601,7
14602,5
14603,3
14604,1
14605,8
14606,4
14607,7
14608,4
14609,4
14610,6
14611,1
14612,0
14613,6
14614,5
14615,8
14616,2
14617,0
14618,9
14619,1
14620,3
14621,9
14622,1
14623,2
14624,6
14625,6
14626,6
14627,4
14628,4
14629,3
14630,3
14631,5
14632,9
14633,0
14634,8
14635,8
14636,4
14637,0
14638,1
14639,4
14640,4
14641,4
14642,7
14643,8
14644,7
14645,4
14646,3
14647,5
14648,1
14649,2
14650,5
14651,3
14652,4
14653,6
14654,4
14655,5
14656,3
14657,7
14658,4
14659,4
14660,3
14661,9
14662,9
14663,8
14664,4
14665,0
14666,5
14667,8
14668,0
14669,9
14670,1
14671,1
14672,8
14673,7
14674,5
14675,6
14676,1
14677,9
14678,4
14679,1
14680,1
14681,4
14682,0
14683,9
14684,0
14685,6
14686,9
14687,0
14688,2
14689,1
14690,8
14691,8
14692,9
14693,3
14694,7
14695,2
14696,9
14697,3
14698,7
14699,7
14700,9
14701,0
14702,0
14703,6
14704,0
14705,9
14706,5
14707,7
14708,5
14709,4
14710,1
14711,1
14712,0
14713,1
14714,6
14715,6
14716,8
14717,5
14718,2
14719,0
14720,7
14721,9
14722,3
14723,4
14724,1
14725,0
14726,5
14727,0
14728,7
14729,4
14730,5
14731,9
14732,9
14733,3
14734,8
14735,0
14736,1
14737,5
14738,1
14739,1
14740,5
14741,0
14742,9
14743,1
14744,0
14745,6
14746,5
14747,3
14748,1
14749,4
14750,0
14751,5
14752,8
14753,5
14754,2
14755,2
14756,5
14757,4
14758,3
14759,5
14760,1
14761,7
14762,5
14763,5
14764,9
14765,5
14766,3
14767,8
14768,1
14769,1
14770,7
14771,6
14772,4
14773,2
14774,0
14775,9
14776,2
14777,5
14778,8
14779,6
14780,5
14781,8
14782,9
14783,5
14784,7
14785,3
14786,9
14787,4
14788,6
14789,2
14790,2
14791,3
14792,2
14793,1
14794,8
14795,4
14796,9
14797,8
14798,8
14799,7
14800,7
14801,2
14802,4
14803,7
14804,7
14805,4
14806,0
14807,6
14808,6
14809,9
14810,3
14811,3
14812,3
14813,4
14814,9
14815,5
14816,2
14817,0
14818,0
14819,0
14820,1
14821,4
14822,8
14823,6
14824,1
14825,4
14826,9
14827,8
14828,4
14829,4
14830,9
14831,1
14832,4
14833,5
14834,0
14835,2
14836,2
14837,9
14838,6
14839,7
14840,5
14841,9
14842,2
14843,8
14844,5
14845,5
14846,8
14847,8
14848,1
14849,7
14850,5
14851,2
14852,5
14853,5
14854,6
14855,3
14856,7
14857,8
14858,0
14859,3
14860,6
14861,6
14862,1
14863,1
14864,7
14865,4
14866,7
14867,5
14868,4
14869,7
14870,1
14871,1
14872,4
14873,9
14874,7
14875,7
14876,1
14877,7
14878,5
14879,4
14880,6
14881,2
14882,3
14883,1
14884,1
14885,3
14886,6
14887,9
14888,5
14889,4
14890,9
14891,7
14892,5
14893,3
14894,6
14895,8
14896,6
14897,4
14898,0
14899,7
14900,5
14901,6
14902,7
14903,9
14904,0
14905,6
14906,9
14907,1
14908,8
14909,4
14910,1
14911,2
14912,5
14913,1
14914,5
14915,4
14916,6
14917,2
14918,1
14919,3
14920,1
14921,5
14922,3
14923,1
14924,9
14925,8
14926,2
14927,1
14928,9
14929,1
14930,1
14931,7
14932,9
14933,3
14934,2
14935,1
14936,0
14937,9
14938,6
14939,7
14940,3
14941,6
14942,1
14943,2
14944,9
14945,5
14946,7
14947,7
14948,3
14949,7
14950,5
14951,0
14952,0
14953,0
14954,7
14955,6
14956,0
14957,7
14958,9
14959,6
14960,1
14961,0
14962,0
14963,9
14964,5
14965,9
14966,2
14967,2
14968,4
14969,8
14970,3
14971,7
14972,8
14973,2
14974,3
14975,1
14976,3
14977,8
14978,2
14979,6
14980,4
14981,0
14982,2
14983,1
14984,1
14985,9
14986,9
14987,6
14988,1
14989,5
14990,3
14991,0
14992,4
14993,4
14994,9
14995,0
14996,0
14997,3
14998,7
14999,2
15000,5
15001,9
15002,5
15003,2
15004,7
15005,3
15006,4
15007,0
15008,6
15009,7
15010,0
15011,5
15012,7
15013,3
15014,3
15015,3
15016,6
15017,4
15018,5
15019,1
15020,7
15021,0
15022,7
15023,6
15024,4
15025,1
15026,0
15027,5
15028,1
15029,0
15030,9
15031,3
15032,8
15033,3
15034,2
15035,3
15036,4
15037,6
15038,8
15039,4
15040,2
15041,2
15042,8
15043,4
15044,4
15045,3
15046,7
15047,1
15048,9
15049,1
15050,4
15051,0
15052,3
15053,2
15054,8
15055,3
15056,0
15057,7
15058,5
15059,5
15060,7
15061,5
15062,1
15063,5
15064,2
15065,6
15066,3
15067,4
15068,5
15069,6
15070,3
15071,4
15072,4
15073,4
15074,7
15075,6
15076,6
15077,5
15078,6
15079,3
15080,4
15081,0
15082,4
15083,9
15084,6
15085,1
15086,5
15087,7
15088,8
15089,4
15090,4
15091,9
15092,5
15093,7
15094,6
15095,7
15096,4
15097,3
15098,2
15099,9
15100,7
15101,5
15102,4
15103,9
15104,9
15105,4
15106,9
15107,5
15108,2
15109,8
15110,7
15111,5
15112,0
15113,2
15114,4
15115,2
15116,8
15117,6
15118,4
15119,4
15120,6
15121,9
15122,3
15123,8
15124,3
15125,1
15126,0
15127,3
15128,7
15129,0
15130,3
15131,1
15132,0
15133,7
15134,1
15135,0
15136,2
15137,8
15138,5
15139,6
15140,0
15141,3
15142,9
15143,3
15144,5
15145,8
15146,5
15147,9
15148,4
15149,6
15150,0
15151,6
15152,9
15153,7
15154,6
15155,3
15156,2
15157,5
15158,9
15159,1
15160,7
15161,7
15162,4
15163,8
15164,0
15165,5
15166,1
15167,8
15168,7
15169,9
15170,8
15171,2
15172,4
15173,7
15174,0
15175,6
15176,0
15177,3
15178,1
15179,1
15180,2
15181,2
15182,1
15183,5
15184,1
15185,0
15186,7
15187,6
15188,1
15189,4
15190,3
15191,7
15192,6
15193,2
15194,2
15195,7
15196,3
15197,6
15198,5
15199,2
15200,0
15201,3
15202,0
15203,2
15204,4
15205,7
15206,1
15207,8
15208,0
15209,4
15210,9
15211,5
15212,8
15213,9
15214,1
15215,7
15216,2
15217,6
15218,5
15219,9
15220,9
15221,9
15222,5
15223,5
15224,2
15225,6
15226,0
15227,4
15228,0
15229,2
15230,9
15231,8
15232,2
15233,9
15234,8
15235,5
15236,7
15237,4
15238,2
15239,0
15240,8
15241,6
15242,0
15243,2
15244,1
15245,1
15246,5
15247,1
15248,9
15249,2
15250,5
15251,8
15252,5
15253,3
15254,8
15255,2
15256,2
15257,9
15258,3
15259,6
15260,6
15261,0
15262,6
15263,5
15264,5
15265,4
15266,2
15267,5
15268,0
15269,2
15270,0
15271,2
15272,8
15273,9
15274,8
15275,0
15276,7
15277,3
15278,7
15279,1
15280,7
15281,2
15282,5
15283,4
15284,9
15285,3
15286,3
15287,8
15288,4
15289,5
15290,0
15291,8
15292,4
15293,7
15294,2
15295,0
15296,3
15297,9
15298,4
15299,9
15300,8
15301,7
15302,7
15303,6
15304,7
15305,4
15306,5
15307,5
15308,1
15309,6
15310,3
15311,4
15312,0
15313,7
15314,0
15315,6
15316,9
15317,2
15318,7
15319,1
15320,5
15321,2
15322,1
15323,8
15324,6
15325,3
15326,6
15327,5
15328,1
15329,3
15330,7
15331,1
15332,3
15333,6
15334,9
15335,2
15336,3
15337,1
15338,6
15339,1
15340,2
15341,0
15342,2
15343,5
15344,7
15345,7
15346,3
15347,4
15348,6
15349,4
15350,8
15351,5
15352,4
15353,8
15354,6
15355,2
15356,6
15357,1
15358,5
15359,2
15360,9
15361,8
15362,0
15363,1
15364,9
15365,9
15366,5
15367,3
15368,9
15369,1
15370,7
15371,9
15372,9
15373,8
15374,1
15375,9
15376,6
15377,0
15378,4
15379,4
15380,3
15381,8
15382,6
15383,1
15384,1
15385,6
15386,2
15387,8
15388,6
15389,2
15390,1
15391,0
15392,0
15393,9
15394,5
15395,2
15396,3
15397,4
15398,4
15399,3
15400,1
15401,4
15402,2
15403,6
15404,0
15405,1
15406,2
15407,0
15408,2
15409,2
15410,2
15411,8
15412,0
15413,5
15414,6
15415,9
15416,1
15417,1
15418,7
15419,4
15420,1
15421,6
15422,3
15423,7
15424,5
15425,9
15426,1
15427,8
15428,0
15429,8
15430,7
15431,9
15432,1
15433,2
15434,1
15435,0
15436,5
15437,3
15438,1
15439,6
15440,5
15441,8
15442,2
15443,0
15444,7
15445,0
15446,5
15447,2
15448,2
15449,0
15450,4
15451,9
15452,3
15453,8
15454,1
15455,4
15456,2
15457,9
15458,0
15459,3
15460,6
15461,0
15462,8
15463,4
15464,2
15465,7
15466,1
15467,4
15468,5
15469,2
15470,2
15471,3
15472,1
15473,0
15474,6
15475,8
15476,7
15477,7
15478,1
15479,7
15480,9
15481,2
15482,8
15483,3
15484,3
15485,8
15486,7
15487,6
15488,1
15489,6
15490,4
15491,0
15492,1
15493,2
15494,2
15495,0
15496,3
15497,9
15498,2
15499,7
15500,5
15501,6
15502,6
15503,9
15504,9
15505,9
15506,9
15507,3
15508,2
15509,0
15510,3
15511,0
15512,0
15513,4
15514,6
15515,5
15516,9
15517,7
15518,7
15519,6
15520,4
15521,5
15522,9
15523,7
15524,3
15525,6
15526,0
15527,6
15528,0
15529,5
15530,8
15531,8
15532,2
15533,6
15534,3
15535,1
15536,7
15537,5
15538,1
15539,2
15540,9
15541,1
15542,0
15543,8
15544,3
15545,5
15546,4
15547,4
15548,2
15549,0
15550,8
15551,4
15552,7
15553,8
15554,3
15555,9
15556,3
15557,7
15558,7
15559,8
15560,8
15561,0
15562,6
15563,6
15564,4
15565,0
15566,5
15567,5
15568,0
15569,4
15570,9
15571,8
15572,1
15573,2
15574,0
15575,6
15576,4
15577,4
15578,5
15579,7
15580,2
15581,3
15582,7
15583,2
15584,5
15585,5
15586,6
15587,9
15588,6
15589,1
15590,9
15591,9
15592,9
15593,7
15594,3
15595,9
15596,6
15597,7
15598,0
15599,3
15600,0
15601,4
15602,5
15603,6
15604,7
15605,5
15606,9
15607,2
15608,9
15609,1
15610,6
15611,2
15612,2
15613,4
15614,0
15615,4
15616,6
15617,8
15618,4
15619,8
15620,0
15621,8
15622,5
15623,9
15624,0
15625,9
15626,3
15627,3
15628,7
15629,8
15630,9
15631,8
15632,4
15633,4
15634,9
15635,9
15636,0
15637,1
15638,6
15639,7
15640,4
15641,8
15642,9
15643,6
15644,8
15645,9
15646,9
15647,6
15648,8
15649,7
15650,3
15651,1
15652,0
15653,2
15654,2
15655,7
15656,9
15657,3
15658,0
15659,2
15660,6
15661,8
15662,6
15663,6
15664,1
15665,0
15666,1
15667,5
15668,2
15669,0
15670,5
15671,1
15672,8
15673,1
15674,1
15675,6
15676,3
15677,1
15678,7
15679,6
15680,9
15681,6
15682,1
15683,3
15684,7
15685,0
15686,1
15687,8
15688,2
15689,5
15690,1
15691,4
15692,4
15693,9
15694,1
15695,9
15696,2
15697,6
15698,3
15699,9
15700,8
15701,1
15702,0
15703,1
15704,9
15705,4
15706,7
15707,4
15708,9
15709,6
15710,0
15711,8
15712,5
15713,6
15714,7
15715,4
15716,4
15717,7
15718,4
15719,1
15720,3
15721,0
15722,9
15723,3
15724,9
15725,9
15726,4
15727,1
15728,1
15729,3
15730,8
15731,7
15732,6
15733,8
15734,9
15735,6
15736,0
15737,4
15738,9
15739,9
15740,4
15741,6
15742,5
15743,5
15744,4
15745,6
15746,1
15747,7
15748,6
15749,2
15750,7
15751,6
15752,4
15753,9
15754,0
15755,7
15756,9
15757,5
15758,0
15759,8
15760,8
15761,7
15762,8
15763,7
15764,6
15765,6
15766,4
15767,9
15768,0
15769,9
15770,2
15771,6
15772,5
15773,1
15774,8
15775,0
15776,5
15777,2
15778,1
15779,0
15780,3
15781,5
15782,4
15783,4
15784,4
15785,6
15786,1
15787,1
15788,7
15789,3
15790,2
15791,8
15792,8
15793,6
15794,1
15795,9
15796,6
15797,8
15798,6
15799,6
15800,7
15801,5
15802,7
15803,4
15804,7
15805,4
15806,9
15807,9
15808,3
15809,0
15810,2
15811,8
15812,5
15813,8
15814,1
15815,3
15816,7
15817,6
15818,4
15819,9
15820,4
15821,8
15822,3
15823,7
15824,7
15825,8
15826,5
15827,6
15828,9
15829,3
15830,2
15831,6
15832,7
15833,2
15834,9
15835,3
15836,6
15837,5
15838,6
15839,9
15840,0
15841,8
15842,3
15843,9
15844,8
15845,0
15846,4
15847,9
15848,3
15849,5
15850,6
15851,9
15852,3
15853,9
15854,5
15855,1
15856,6
15857,2
15858,5
15859,0
15860,2
15861,6
15862,2
15863,2
15864,1
15865,8
15866,6
15867,4
15868,6
15869,8
15870,6
15871,4
15872,6
15873,3
15874,3
15875,7
15876,1
15877,0
15878,6
15879,9
15880,4
15881,9
15882,5
15883,8
15884,8
15885,2
15886,3
15887,9
15888,0
15889,2
15890,5
15891,6
15892,5
15893,7
15894,8
15895,3
15896,8
15897,3
15898,8
15899,9
15900,1
15901,5
15902,1
15903,0
15904,5
15905,1
15906,2
15907,8
15908,4
15909,1
15910,1
15911,5
15912,7
15913,9
15914,8
15915,6
15916,6
15917,1
15918,5
15919,2
15920,0
15921,5
15922,3
15923,8
15924,2
15925,0
15926,6
15927,7
15928,0
15929,1
15930,6
15931,9
15932,7
15933,8
15934,1
15935,9
15936,6
15937,1
15938,9
15939,2
15940,3
15941,2
15942,2
15943,5
15944,6
15945,9
15946,9
15947,0
15948,8
15949,3
15950,6
15951,6
15952,7
15953,2
15954,7
15955,0
15956,0
15957,1
15958,2
15959,1
15960,5
15961,1
15962,4
15963,9
15964,7
15965,7
15966,1
15967,0
15968,6
15969,1
15970,6
15971,1
15972,8
15973,3
15974,1
15975,8
15976,9
15977,9
15978,6
15979,1
15980,5
15981,9
15982,8
15983,1
15984,9
15985,1
15986,5
15987,0
15988,7
15989,5
15990,5
15991,0
15992,6
15993,8
15994,2
15995,8
15996,2
15997,5
15998,6
15999,9
16000,8
16001,0
16002,2
16003,5
16004,9
16005,5
16006,5
16007,8
16008,9
16009,1
16010,0
16011,9
16012,4
16013,6
16014,1
16015,7
16016,2
16017,7
16018,9
16019,8
16020,6
16021,4
16022,6
16023,0
16024,3
16025,6
16026,6
16027,6
16028,3
16029,6
16030,8
16031,7
16032,0
16033,3
16034,2
16035,7
16036,9
16037,0
16038,3
16039,1
16040,1
16041,1
16042,2
16043,9
16044,3
16045,5
16046,1
16047,1
16048,0
16049,4
16050,0
16051,2
16052,6
16053,3
16054,6
16055,8
16056,7
16057,9
16058,8
16059,2
16060,7
16061,8
16062,6
16063,3
16064,9
16065,8
16066,8
16067,5
16068,6
16069,8
16070,5
16071,0
16072,1
16073,4
16074,2
16075,1
16076,3
16077,8
16078,0
16079,2
16080,7
16081,6
16082,7
16083,1
16084,0
16085,9
16086,7
16087,6
16088,9
16089,1
16090,4
16091,2
16092,6
16093,7
16094,8
16095,0
16096,1
16097,6
16098,0
16099,4
16100,6
16101,9
16102,0
16103,6
16104,9
16105,6
16106,1
16107,5
16108,4
16109,3
16110,7
16111,7
16112,6
16113,5
16114,8
16115,4
16116,7
16117,8
16118,0
16119,3
16120,8
16121,4
16122,5
16123,8
16124,5
16125,2
16126,8
16127,5
16128,3
16129,5
16130,5
16131,9
16132,2
16133,3
16134,5
16135,0
16136,3
16137,3
16138,3
16139,5
16140,0
16141,9
16142,1
16143,6
16144,9
16145,1
16146,9
16147,0
16148,3
16149,6
16150,8
16151,5
16152,4
16153,7
16154,6
16155,8
16156,6
16157,5
16158,5
16159,0
16160,1
16161,7
16162,1
16163,5
16164,9
16165,6
16166,0
16167,3
16168,9
16169,3
16170,1
16171,2
16172,9
16173,5
16174,1
16175,4
16176,1
16177,6
16178,4
16179,3
16180,8
16181,1
16182,9
16183,1
16184,6
16185,3
16186,3
16187,6
16188,4
16189,1
16190,2
16191,1
16192,8
16193,9
16194,7
16195,3
16196,0
16197,4
16198,1
16199,2
16200,5
16201,5
16202,5
16203,2
16204,1
16205,6
16206,5
16207,4
16208,1
16209,1
16210,1
16211,4
16212,5
16213,9
16214,9
16215,3
16216,4
16217,8
16218,7
16219,8
16220,7
16221,1
16222,5
16223,6
16224,3
16225,5
16226,6
16227,4
16228,2
16229,8
16230,8
16231,9
16232,0
16233,3
16234,9
16235,2
16236,0
16237,9
16238,0
16239,0
16240,3
16241,7
16242,2
16243,0
16244,6
16245,6
16246,4
16247,2
16248,0
16249,8
16250,5
16251,0
16252,5
16253,6
16254,2
16255,8
16256,0
16257,2
16258,4
16259,6
16260,8
16261,0
16262,8
16263,4
16264,4
16265,4
16266,4
16267,1
16268,3
16269,8
16270,5
16271,3
16272,2
16273,4
16274,6
16275,5
16276,0
16277,1
16278,9
16279,4
16280,9
16281,9
16282,3
16283,8
16284,9
16285,2
16286,9
16287,7
16288,1
16289,1
16290,1
16291,8
16292,1
16293,0
16294,1
16295,1
16296,2
16297,2
16298,3
16299,3
16300,0
16301,7
16302,1
16303,7
16304,8
16305,7
16306,0
16307,6
16308,3
16309,8
16310,0
16311,4
16312,5
16313,8
16314,2
16315,7
16316,1
16317,4
16318,2
16319,8
16320,4
16321,5
16322,8
16323,1
16324,8
16325,4
16326,1
16327,2
16328,0
16329,1
16330,5
16331,3
16332,6
16333,1
16334,5
16335,7
16336,9
16337,5
16338,6
16339,5
16340,3
16341,7
16342,4
16343,6
16344,2
16345,8
16346,2
16347,1
16348,6
16349,3
16350,3
16351,4
16352,7
16353,8
16354,2
16355,0
16356,6
16357,1
16358,7
16359,4
16360,3
16361,5
16362,0
16363,9
16364,5
16365,6
16366,8
16367,5
16368,2
16369,3
16370,3
16371,8
16372,0
16373,9
16374,8
16375,6
16376,5
16377,8
16378,2
16379,7
16380,7
16381,0
16382,0
16383,9
16384,0
16385,6
16386,4
16387,2
16388,3
16389,8
16390,1
16391,3
16392,4
16393,6
16394,0
16395,9
16396,4
16397,4
16398,8
16399,6
16400,6
16401,8
16402,9
16403,4
16404,1
16405,6
16406,5
16407,5
16408,5
16409,7
16410,6
16411,8
16412,9
16413,5
16414,4
16415,8
16416,8
16417,7
16418,6
16419,7
16420,7
16421,5
16422,2
16423,5
16424,8
16425,9
16426,4
16427,3
16428,6
16429,3
16430,4
16431,1
16432,6
16433,4
16434,4
16435,4
16436,8
16437,7
16438,8
16439,1
16440,5
16441,4
16442,9
16443,5
16444,1
16445,2
16446,0
16447,7
16448,6
16449,7
16450,7
16451,4
16452,6
16453,5
16454,7
16455,9
16456,9
16457,1
16458,2
16459,9
16460,3
16461,2
16462,2
16463,7
16464,6
16465,3
16466,1
16467,0
16468,9
16469,7
16470,7
16471,3
16472,0
16473,8
16474,1
16475,6
16476,9
16477,3
16478,4
16479,3
16480,4
16481,0
16482,7
16483,9
16484,4
16485,2
16486,5
16487,1
16488,6
16489,9
16490,8
16491,3
16492,1
16493,9
16494,4
16495,9
16496,1
16497,0
16498,8
16499,8
16500,3
16501,3
16502,3
16503,2
16504,0
16505,9
16506,7
16507,4
16508,2
16509,9
16510,2
16511,5
16512,7
16513,1
16514,9
16515,9
16516,8
16517,2
16518,6
16519,1
16520,4
16521,3
16522,5
16523,6
16524,8
16525,6
16526,7
16527,1
16528,4
16529,1
16530,7
16531,6
16532,5
16533,7
16534,2
16535,8
16536,6
16537,7
16538,4
16539,4
16540,6
16541,7
16542,3
16543,9
16544,4
16545,3
16546,4
16547,5
16548,5
16549,6
16550,7
16551,8
16552,9
16553,5
16554,6
16555,1
16556,2
16557,4
16558,9
16559,7
16560,0
16561,9
16562,3
16563,9
16564,5
16565,2
16566,8
16567,0
16568,5
16569,3
16570,3
16571,0
16572,6
16573,1
16574,0
16575,3
16576,8
16577,5
16578,0
16579,8
16580,7
16581,4
16582,1
16583,8
16584,4
16585,6
16586,8
16587,8
16588,2
16589,4
16590,0
16591,3
16592,8
16593,3
16594,8
16595,3
16596,4
16597,4
16598,1
16599,9
16600,3
16601,9
16602,4
16603,1
16604,6
16605,1
16606,8
16607,7
16608,2
16609,5
16610,4
16611,8
16612,2
16613,6
16614,4
16615,4
16616,5
16617,7
16618,1
16619,3
16620,0
16621,0
16622,9
16623,0
16624,2
16625,1
16626,1
16627,8
16628,8
16629,1
16630,1
16631,5
16632,3
16633,3
16634,8
16635,6
16636,6
16637,8
16638,5
16639,0
16640,6
16641,5
16642,5
16643,4
16644,0
16645,6
16646,9
16647,1
16648,6
16649,2
16650,5
16651,5
16652,9
16653,4
16654,7
16655,4
16656,7
16657,6
16658,5
16659,3
16660,6
16661,1
16662,2
16663,5
16664,2
16665,1
16666,8
16667,3
16668,1
16669,8
16670,7
16671,4
16672,3
16673,1
16674,3
16675,6
16676,3
16677,5
16678,0
16679,7
16680,2
16681,9
16682,7
16683,7
16684,7
16685,8
16686,7
16687,5
16688,2
16689,5
16690,8
16691,1
16692,6
16693,4
16694,9
16695,5
16696,9
16697,9
16698,0
16699,3
16700,4
16701,6
16702,9
16703,1
16704,5
16705,5
16706,5
16707,1
16708,2
16709,6
16710,5
16711,4
16712,6
16713,0
16714,2
16715,6
16716,2
16717,8
16718,7
16719,7
16720,2
16721,8
16722,7
16723,4
16724,7
16725,1
16726,6
16727,6
16728,8
16729,7
16730,4
16731,2
16732,4
16733,1
16734,8
16735,1
16736,8
16737,3
16738,9
16739,6
16740,9
16741,0
16742,1
16743,6
16744,0
16745,8
16746,8
16747,6
16748,9
16749,6
16750,4
16751,1
16752,0
16753,6
16754,0
16755,5
16756,2
16757,4
16758,8
16759,2
16760,3
16761,2
16762,9
16763,7
16764,2
16765,4
16766,9
16767,6
16768,1
16769,3
16770,9
16771,7
16772,4
16773,3
16774,8
16775,8
16776,4
16777,6
16778,7
16779,3
16780,9
16781,9
16782,6
16783,1
16784,1
16785,2
16786,8
16787,9
16788,4
16789,7
16790,1
16791,9
16792,7
16793,0
16794,9
16795,1
16796,1
16797,5
16798,5
16799,6
16800,5
16801,2
16802,9
16803,6
16804,0
16805,5
16806,7
16807,5
16808,4
16809,1
16810,4
16811,9
16812,8
16813,5
16814,2
16815,3
16816,4
16817,2
16818,8
16819,7
16820,6
16821,0
16822,5
16823,7
16824,0
16825,2
16826,1
16827,0
16828,2
16829,0
16830,5
16831,1
16832,0
16833,8
16834,3
16835,1
16836,4
16837,1
16838,9
16839,2
16840,4
16841,2
16842,8
16843,6
16844,0
16845,1
16846,7
16847,0
16848,6
16849,1
16850,3
16851,1
16852,9
16853,8
16854,7
16855,8
16856,8
16857,7
16858,3
16859,0
16860,1
16861,3
16862,7
16863,0
16864,1
16865,8
16866,5
16867,5
16868,0
16869,4
16870,9
16871,3
16872,2
16873,7
16874,1
16875,4
16876,0
16877,3
16878,4
16879,5
16880,4
16881,3
16882,5
16883,9
16884,7
16885,6
16886,1
16887,3
16888,9
16889,9
16890,7
16891,2
16892,9
16893,5
16894,9
16895,8
16896,4
16897,1
16898,9
16899,9
16900,6
16901,4
16902,8
16903,7
16904,6
16905,8
16906,4
16907,9
16908,4
16909,5
16910,4
16911,6
16912,0
16913,8
16914,1
16915,2
16916,9
16917,5
16918,2
16919,4
16920,3
16921,3
16922,4
16923,1
16924,7
16925,9
16926,4
16927,7
16928,0
16929,3
16930,2
16931,4
16932,1
16933,3
16934,9
16935,8
16936,7
16937,3
16938,2
16939,1
16940,9
16941,6
16942,9
16943,1
16944,3
16945,5
16946,7
16947,0
16948,9
16949,2
16950,7
16951,9
16952,9
16953,9
16954,8
16955,1
16956,1
16957,7
16958,9
16959,8
16960,3
16961,3
16962,2
16963,3
16964,9
16965,7
16966,3
16967,0
16968,3
16969,4
16970,2
16971,1
16972,1
16973,3
16974,1
16975,9
16976,2
16977,9
16978,8
16979,9
16980,5
16981,6
16982,8
16983,2
16984,1
16985,7
16986,1
16987,1
16988,0
16989,2
16990,0
16991,1
16992,8
16993,9
16994,5
16995,2
16996,6
16997,1
16998,2
16999,2
17000,5
17001,5
17002,0
17003,2
17004,3
17005,9
17006,9
17007,5
17008,1
17009,2
17010,5
17011,4
17012,3
17013,6
17014,0
17015,1
17016,9
17017,2
17018,6
17019,9
17020,6
17021,7
17022,4
17023,0
17024,7
17025,0
17026,1
17027,2
17028,1
17029,1
17030,0
17031,8
17032,2
17033,6
17034,9
17035,1
17036,0
17037,4
17038,2
17039,2
17040,0
17041,1
17042,0
17043,4
17044,1
17045,2
17046,2
17047,7
17048,0
17049,5
17050,7
17051,5
17052,7
17053,6
17054,9
17055,2
17056,1
17057,9
17058,2
17059,8
17060,7
17061,9
17062,1
17063,3
17064,5
17065,2
17066,3
17067,0
17068,1
17069,0
17070,0
17071,0
17072,1
17073,8
17074,7
17075,0
17076,8
17077,6
17078,9
17079,1
17080,8
17081,1
17082,9
17083,9
17084,1
17085,7
17086,4
17087,9
17088,4
17089,9
17090,9
17091,6
17092,6
17093,6
17094,6
17095,0
17096,4
17097,5
17098,1
17099,1
17100,9
17101,1
17102,5
17103,6
17104,2
17105,7
17106,0
17107,8
17108,5
17109,7
17110,5
17111,9
17112,9
17113,0
17114,4
17115,0
17116,4
17117,3
17118,0
17119,1
17120,2
17121,7
17122,6
17123,9
17124,6
17125,1
17126,5
17127,2
17128,9
17129,5
17130,3
17131,8
17132,8
17133,8
17134,3
17135,5
17136,5
17137,8
17138,8
17139,5
17140,8
17141,1
17142,4
17143,0
17144,9
17145,2
17146,3
17147,5
17148,0
17149,9
17150,1
17151,7
17152,9
17153,9
17154,0
17155,9
17156,6
17157,6
17158,3
17159,9
17160,7
17161,9
17162,8
17163,0
17164,4
17165,3
17166,2
17167,6
17168,0
17169,8
17170,3
17171,5
17172,9
17173,5
17174,3
17175,0
17176,8
17177,7
17178,8
17179,0
17180,0
17181,6
17182,2
17183,4
17184,9
17185,7
17186,7
17187,2
17188,1
17189,3
17190,2
17191,7
17192,2
17193,3
17194,7
17195,4
17196,5
17197,4
17198,1
17199,0
17200,1
17201,4
17202,1
17203,7
17204,5
17205,7
17206,9
17207,7
17208,3
17209,8
17210,5
17211,1
17212,9
17213,1
17214,8
17215,7
17216,8
17217,8
17218,2
17219,8
17220,7
17221,5
17222,3
17223,4
17224,1
17225,5
17226,1
17227,3
17228,5
17229,9
17230,2
17231,4
17232,6
17233,2
17234,1
17235,0
17236,8
17237,4
17238,4
17239,6
17240,1
17241,8
17242,0
17243,3
17244,3
17245,5
17246,4
17247,7
17248,9
17249,9
17250,9
17251,4
17252,7
17253,7
17254,0
17255,7
17256,4
17257,3
17258,8
17259,5
17260,2
17261,5
17262,6
17263,2
17264,4
17265,7
17266,4
17267,9
17268,2
17269,8
17270,7
17271,6
17272,6
17273,5
17274,2
17275,7
17276,1
17277,3
17278,4
17279,0
17280,8
17281,9
17282,3
17283,8
17284,9
17285,9
17286,1
17287,9
17288,7
17289,9
17290,2
17291,6
17292,8
17293,1
17294,4
17295,6
17296,0
17297,9
17298,8
17299,1
17300,8
17301,2
17302,5
17303,7
17304,7
17305,3
17306,4
17307,1
17308,4
17309,2
17310,2
17311,8
17312,8
17313,2
17314,1
17315,7
17316,7
17317,2
17318,6
17319,2
17320,9
17321,1
17322,1
17323,6
17324,6
17325,6
17326,8
17327,6
17328,4
17329,5
17330,8
17331,9
17332,6
17333,4
17334,3
17335,1
17336,1
17337,6
17338,9
17339,1
17340,3
17341,4
17342,4
17343,9
17344,3
17345,9
17346,0
17347,1
17348,6
17349,0
17350,5
17351,6
17352,6
17353,8
17354,2
17355,4
17356,6
17357,1
17358,2
17359,4
17360,5
17361,5
17362,9
17363,8
17364,0
17365,3
17366,9
17367,6
17368,1
17369,9
17370,1
17371,3
17372,7
17373,3
17374,4
17375,7
17376,3
17377,2
17378,0
17379,4
17380,9
17381,4
17382,8
17383,2
17384,3
17385,5
17386,8
17387,8
17388,1
17389,2
17390,6
17391,3
17392,5
17393,9
17394,3
17395,7
17396,8
17397,5
17398,6
17399,5
17400,8
17401,5
17402,4
17403,2
17404,9
17405,7
17406,1
17407,6
17408,4
17409,1
17410,0
17411,9
17412,8
17413,8
17414,8
17415,2
17416,0
17417,1
17418,3
17419,2
17420,9
17421,1
17422,6
17423,0
17424,0
17425,6
17426,9
17427,1
17428,1
17429,2
17430,7
17431,6
17432,3
17433,5
17434,6
17435,7
17436,7
17437,2
17438,4
17439,6
17440,2
17441,8
17442,4
17443,4
17444,8
17445,9
17446,3
17447,5
17448,8
17449,7
17450,5
17451,6
17452,7
17453,3
17454,5
17455,4
17456,8
17457,3
17458,4
17459,7
17460,4
17461,6
17462,1
17463,9
17464,9
17465,8
17466,1
17467,3
17468,5
17469,4
17470,9
17471,4
17472,6
17473,9
17474,2
17475,7
17476,3
17477,8
17478,6
17479,3
17480,9
17481,4
17482,8
17483,2
17484,8
17485,7
17486,1
17487,0
17488,8
17489,6
17490,9
17491,2
17492,2
17493,7
17494,8
17495,4
17496,3
17497,5
17498,5
17499,0
17500,0
17501,7
17502,6
17503,8
17504,0
17505,3
17506,6
17507,6
17508,4
17509,5
17510,0
17511,4
17512,8
17513,8
17514,5
17515,1
17516,4
17517,1
17518,7
17519,0
17520,4
17521,3
17522,8
17523,4
17524,8
17525,8
17526,5
17527,8
17528,4
17529,3
17530,1
17531,9
17532,1
17533,6
17534,6
17535,2
17536,1
17537,9
17538,8
17539,4
17540,0
17541,8
17542,9
17543,4
17544,9
17545,7
17546,0
17547,3
17548,8
17549,1
17550,4
17551,5
17552,2
17553,0
17554,9
17555,1
17556,3
17557,0
17558,3
17559,2
17560,9
17561,3
17562,6
17563,3
17564,8
17565,7
17566,1
17567,3
17568,0
17569,4
17570,6
17571,4
17572,6
17573,5
17574,8
17575,5
17576,9
17577,5
17578,5
17579,7
17580,3
17581,8
17582,9
17583,8
17584,3
17585,9
17586,4
17587,6
17588,2
17589,9
17590,8
17591,0
17592,4
17593,8
17594,9
17595,9
17596,1
17597,8
17598,3
17599,5
17600,0
17601,9
17602,1
17603,3
17604,9
17605,2
17606,6
17607,3
17608,0
17609,6
17610,9
17611,1
17612,4
17613,6
17614,3
17615,1
17616,6
17617,2
17618,5
17619,3
17620,2
17621,0
17622,9
17623,9
17624,5
17625,6
17626,6
17627,2
17628,1
17629,1
17630,9
17631,3
17632,7
17633,9
17634,5
17635,3
17636,0
17637,8
17638,2
17639,8
17640,9
17641,9
17642,6
17643,9
17644,2
17645,2
17646,5
17647,2
17648,9
17649,2
17650,9
17651,5
17652,8
17653,1
17654,9
17655,4
17656,9
17657,1
17658,3
17659,0
17660,1
17661,3
17662,2
17663,3
17664,0
17665,5
17666,6
17667,0
17668,4
17669,9
17670,9
17671,5
17672,1
17673,8
17674,2
17675,8
17676,1
17677,0
17678,7
17679,3
17680,2
17681,5
17682,1
17683,4
17684,0
17685,9
17686,3
17687,7
17688,0
17689,2
17690,5
17691,6
17692,5
17693,9
17694,7
17695,7
17696,2
17697,0
17698,4
17699,1
17700,6
17701,9
17702,9
17703,3
17704,0
17705,0
17706,7
17707,7
17708,3
17709,5
17710,3
17711,2
17712,4
17713,6
17714,7
17715,4
17716,6
17717,9
17718,6
17719,5
17720,0
17721,8
17722,8
17723,4
17724,8
17725,1
17726,3
17727,5
17728,5
17729,0
17730,0
17731,8
17732,8
17733,1
17734,0
17735,0
17736,5
17737,1
17738,0
17739,9
17740,1
17741,1
17742,1
17743,9
17744,9
17745,3
17746,1
17747,1
17748,6
17749,9
17750,3
17751,1
17752,7
17753,3
17754,7
17755,0
17756,2
17757,6
17758,6
17759,8
17760,8
17761,5
17762,7
17763,0
17764,5
17765,6
17766,4
17767,1
17768,0
17769,7
17770,4
17771,7
17772,6
17773,0
17774,7
17775,2
17776,0
17777,4
17778,5
17779,0
17780,8
17781,4
17782,3
17783,1
17784,8
17785,7
17786,4
17787,1
17788,9
17789,6
17790,2
17791,4
17792,5
17793,9
17794,7
17795,7
17796,2
17797,3
17798,7
17799,9
17800,7
17801,5
17802,3
17803,6
17804,5
17805,0
17806,1
17807,4
17808,9
17809,1
17810,6
17811,9
17812,6
17813,0
17814,0
17815,5
17816,0
17817,5
17818,7
17819,7
17820,6
17821,1
17822,4
17823,5
17824,4
17825,9
17826,1
17827,0
17828,9
17829,4
17830,7
17831,9
17832,4
17833,1
17834,0
17835,6
17836,8
17837,9
17838,1
17839,2
17840,9
17841,5
17842,3
17843,5
17844,2
17845,9
17846,3
17847,5
17848,4
17849,8
17850,7
17851,9
17852,0
17853,7
17854,5
17855,7
17856,0
17857,3
17858,9
17859,9
17860,3
17861,9
17862,1
17863,8
17864,3
17865,7
17866,1
17867,8
17868,8
17869,5
17870,0
17871,2
17872,8
17873,2
17874,1
17875,2
17876,5
17877,5
17878,2
17879,2
17880,4
17881,9
17882,5
17883,0
17884,3
17885,8
17886,8
17887,5
17888,7
17889,9
17890,3
17891,9
17892,4
17893,7
17894,9
17895,0
17896,0
17897,7
17898,3
17899,7
17900,1
17901,9
17902,6
17903,1
17904,0
17905,9
17906,2
17907,4
17908,8
17909,8
17910,4
17911,7
17912,4
17913,0
17914,9
17915,1
17916,0
17917,6
17918,3
17919,8
17920,1
17921,5
17922,9
17923,9
17924,6
17925,9
17926,5
17927,2
17928,2
17929,7
17930,9
17931,2
17932,6
17933,3
17934,2
17935,8
17936,5
17937,2
17938,2
17939,0
17940,0
17941,2
17942,5
17943,2
17944,3
17945,3
17946,0
17947,8
17948,8
17949,5
17950,8
17951,7
17952,2
17953,1
17954,9
17955,9
17956,2
17957,9
17958,0
17959,8
17960,5
17961,0
17962,2
17963,9
17964,2
17965,8
17966,0
17967,9
17968,2
17969,6
17970,1
17971,9
17972,0
17973,9
17974,5
17975,3
17976,4
17977,1
17978,7
17979,9
17980,9
17981,4
17982,9
17983,9
17984,3
17985,1
17986,9
17987,2
17988,1
17989,8
17990,0
17991,3
17992,0
17993,9
17994,4
17995,2
17996,2
17997,9
17998,1
17999,1
18000,3
18001,0
18002,3
18003,8
18004,3
18005,0
18006,2
18007,5
18008,3
18009,7
18010,4
18011,2
18012,3
18013,8
18014,4
18015,7
18016,6
18017,5
18018,6
18019,6
18020,2
18021,8
18022,1
18023,6
18024,9
18025,6
18026,5
18027,3
18028,7
18029,8
18030,2
18031,6
18032,3
18033,9
18034,2
18035,5
18036,5
18037,7
18038,8
18039,9
18040,0
18041,8
18042,1
18043,5
18044,8
18045,1
18046,1
18047,7
18048,0
18049,9
18050,8
18051,2
18052,4
18053,0
18054,2
18055,6
18056,0
18057,7
18058,4
18059,1
18060,9
18061,1
18062,0
18063,1
18064,0
18065,7
18066,8
18067,1
18068,3
18069,0
18070,6
18071,9
18072,9
18073,1
18074,8
18075,0
18076,6
18077,5
18078,8
18079,1
18080,1
18081,6
18082,0
18083,5
18084,7
18085,6
18086,3
18087,6
18088,9
18089,6
18090,5
18091,9
18092,0
18093,3
18094,8
18095,9
18096,2
18097,8
18098,1
18099,6
18100,8
18101,8
18102,8
18103,5
18104,2
18105,9
18106,7
18107,9
18108,5
18109,3
18110,8
18111,0
18112,2
18113,6
18114,2
18115,2
18116,4
18117,1
18118,0
18119,5
18120,4
18121,8
18122,1
18123,5
18124,1
18125,8
18126,2
18127,2
18128,2
18129,1
18130,3
18131,0
18132,9
18133,4
18134,2
18135,7
18136,5
18137,6
18138,9
18139,3
18140,5
18141,1
18142,8
18143,9
18144,5
18145,4
18146,4
18147,7
18148,7
18149,0
18150,7
18151,3
18152,9
18153,8
18154,4
18155,5
18156,4
18157,1
18158,5
18159,2
18160,3
18161,9
18162,3
18163,1
18164,2
18165,7
18166,1
18167,0
18168,8
18169,3
18170,3
18171,0
18172,1
18173,9
18174,9
18175,3
18176,6
18177,9
18178,0
18179,7
18180,4
18181,8
18182,0
18183,3
18184,7
18185,5
18186,1
18187,6
18188,3
18189,9
18190,6
18191,0
18192,6
18193,6
18194,8
18195,5
18196,2
18197,0
18198,9
18199,4
18200,8
18201,8
18202,1
18203,1
18204,9
18205,2
18206,5
18207,9
18208,5
18209,6
18210,3
18211,0
18212,3
18213,6
18214,3
18215,1
18216,7
18217,6
18218,1
18219,5
18220,0
18221,9
18222,0
18223,1
18224,9
18225,7
18226,9
18227,5
18228,9
18229,0
18230,6
18231,8
18232,2
18233,8
18234,3
18235,6
18236,7
18237,1
18238,7
18239,9
18240,8
18241,9
18242,3
18243,1
18244,0
18245,4
18246,9
18247,4
18248,8
18249,5
18250,3
18251,3
18252,3
18253,3
18254,5
18255,9
18256,8
18257,1
18258,6
18259,1
18260,1
18261,6
18262,7
18263,9
18264,4
18265,3
18266,5
18267,8
18268,1
18269,1
18270,4
18271,8
18272,3
18273,2
18274,2
18275,9
18276,0
18277,1
18278,6
18279,7
18280,8
18281,4
18282,1
18283,5
18284,1
18285,3
18286,5
18287,5
18288,0
18289,2
18290,4
18291,6
18292,9
18293,5
18294,3
18295,0
18296,9
18297,7
18298,6
18299,2
18300,7
18301,2
18302,1
18303,4
18304,1
18305,3
18306,9
18307,9
18308,7
18309,1
18310,3
18311,4
18312,0
18313,4
18314,7
18315,8
18316,8
18317,9
18318,7
18319,6
18320,3
18321,4
18322,0
18323,3
18324,6
18325,3
18326,8
18327,3
18328,0
18329,4
18330,6
18331,8
18332,9
18333,0
18334,3
18335,5
18336,3
18337,5
18338,1
18339,5
18340,2
18341,8
18342,2
18343,1
18344,4
18345,0
18346,8
18347,5
18348,2
18349,6
18350,8
18351,5
18352,0
18353,6
18354,9
18355,5
18356,5
18357,8
18358,9
18359,0
18360,6
18361,0
18362,9
18363,5
18364,5
18365,9
18366,6
18367,9
18368,0
18369,8
18370,8
18371,2
18372,0
18373,3
18374,8
18375,7
18376,6
18377,0
18378,2
18379,0
18380,7
18381,6
18382,9
18383,0
18384,0
18385,1
18386,1
18387,0
18388,1
18389,4
18390,4
18391,5
18392,0
18393,8
18394,6
18395,3
18396,7
18397,5
18398,4
18399,7
18400,7
18401,4
18402,1
18403,3
18404,4
18405,0
18406,3
18407,5
18408,2
18409,9
18410,8
18411,3
18412,1
18413,0
18414,7
18415,4
18416,2
18417,5
18418,2
18419,8
18420,9
18421,1
18422,1
18423,9
18424,7
18425,6
18426,6
18427,6
18428,4
18429,4
18430,5
18431,1
18432,5
18433,9
18434,2
18435,9
18436,0
18437,2
18438,7
18439,7
18440,5
18441,6
18442,9
18443,3
18444,4
18445,9
18446,4
18447,4
18448,9
18449,2
18450,9
18451,8
18452,4
18453,6
18454,8
18455,3
18456,2
18457,8
18458,8
18459,2
18460,9
18461,4
18462,3
18463,9
18464,6
18465,2
18466,3
18467,1
18468,5
18469,8
18470,0
18471,9
18472,7
18473,8
18474,9
18475,7
18476,0
18477,9
18478,6
18479,9
18480,3
18481,2
18482,9
18483,1
18484,1
18485,8
18486,1
18487,0
18488,3
18489,1
18490,7
18491,7
18492,4
18493,9
18494,5
18495,3
18496,1
18497,0
18498,5
18499,2
18500,0
18501,3
18502,0
18503,1
18504,3
18505,7
18506,4
18507,5
18508,8
18509,6
18510,1
18511,5
18512,2
18513,1
18514,9
18515,6
18516,5
18517,4
18518,7
18519,6
18520,8
18521,9
18522,7
18523,3
18524,1
18525,2
18526,8
18527,2
18528,0
18529,9
18530,5
18531,6
18532,4
18533,6
18534,3
18535,2
18536,9
18537,0
18538,1
18539,3
18540,8
18541,3
18542,7
18543,5
18544,6
18545,9
18546,5
18547,1
18548,6
18549,9
18550,8
18551,4
18552,4
18553,1
18554,5
18555,3
18556,5
18557,7
18558,9
18559,8
18560,0
18561,8
18562,6
18563,3
18564,2
18565,2
18566,9
18567,9
18568,5
18569,4
18570,8
18571,4
18572,2
18573,8
18574,8
18575,1
18576,3
18577,6
18578,6
18579,6
18580,7
18581,7
18582,3
18583,1
18584,4
18585,0
18586,2
18587,4
18588,2
18589,8
18590,3
18591,0
18592,8
18593,0
18594,4
18595,0
18596,3
18597,1
18598,3
18599,0
18600,7
18601,6
18602,2
18603,1
18604,5
18605,5
18606,1
18607,4
18608,9
18609,6
18610,5
18611,1
18612,1
18613,3
18614,0
18615,9
18616,3
18617,2
18618,7
18619,8
18620,5
18621,1
18622,0
18623,5
18624,0
18625,4
18626,9
18627,0
18628,2
18629,3
18630,0
18631,2
18632,8
18633,1
18634,0
18635,6
18636,1
18637,1
18638,2
18639,6
18640,2
18641,9
18642,0
18643,3
18644,5
18645,1
18646,8
18647,0
18648,6
18649,5
18650,5
18651,7
18652,4
18653,1
18654,0
18655,4
18656,4
18657,8
18658,9
18659,5
18660,5
18661,3
18662,2
18663,2
18664,5
18665,6
18666,0
18667,8
18668,0
18669,0
18670,8
18671,3
18672,2
18673,7
18674,4
18675,1
18676,9
18677,2
18678,4
18679,0
18680,6
18681,7
18682,3
18683,2
18684,1
18685,3
18686,0
18687,1
18688,5
18689,6
18690,7
18691,3
18692,2
18693,5
18694,5
18695,1
18696,9
18697,9
18698,3
18699,1
18700,8
18701,9
18702,4
18703,1
18704,0
18705,1
18706,5
18707,8
18708,0
18709,6
18710,0
18711,7
18712,3
18713,6
18714,1
18715,2
18716,3
18717,4
18718,2
18719,2
18720,0
18721,0
18722,3
18723,3
18724,9
18725,6
18726,6
18727,5
18728,7
18729,3
18730,8
18731,2
18732,3
18733,4
18734,9
18735,4
18736,3
18737,5
18738,0
18739,8
18740,3
18741,0
18742,9
18743,8
18744,9
18745,9
18746,6
18747,4
18748,8
18749,6
18750,0
18751,2
18752,1
18753,6
18754,2
18755,7
18756,8
18757,7
18758,4
18759,9
18760,7
18761,0
18762,2
18763,9
18764,6
18765,4
18766,5
18767,0
18768,1
18769,7
18770,1
18771,9
18772,1
18773,8
18774,2
18775,1
18776,0
18777,9
18778,9
18779,4
18780,9
18781,7
18782,3
18783,1
18784,6
18785,1
18786,4
18787,8
18788,7
18789,8
18790,1
18791,8
18792,2
18793,9
18794,3
18795,2
18796,4
18797,3
18798,9
18799,9
18800,2
18801,1
18802,8
18803,1
18804,2
18805,3
18806,6
18807,6
18808,9
18809,9
18810,4
18811,0
18812,6
18813,2
18814,9
18815,1
18816,7
18817,8
18818,1
18819,3
18820,2
18821,0
18822,3
18823,3
18824,4
18825,3
18826,4
18827,5
18828,5
18829,7
18830,1
18831,0
18832,1
18833,0
18834,9
18835,9
18836,1
18837,9
18838,6
18839,9
18840,8
18841,6
18842,5
18843,7
18844,8
18845,0
18846,6
18847,6
18848,1
18849,7
18850,4
18851,8
18852,8
18853,0
18854,5
18855,3
18856,1
18857,5
18858,4
18859,2
18860,9
18861,2
18862,3
18863,4
18864,2
18865,8
18866,3
18867,0
18868,0
18869,0
18870,7
18871,8
18872,9
18873,2
18874,8
18875,2
18876,3
18877,1
18878,6
18879,9
18880,7
18881,0
18882,0
18883,1
18884,2
18885,9
18886,7
18887,3
18888,8
18889,0
18890,8
18891,6
18892,4
18893,8
18894,0
18895,0
18896,8
18897,2
18898,8
18899,0
18900,3
18901,9
18902,1
18903,6
18904,8
18905,6
18906,2
18907,4
18908,8
18909,9
18910,1
18911,9
18912,0
18913,8
18914,8
18915,1
18916,1
18917,7
18918,8
18919,6
18920,6
18921,3
18922,6
18923,3
18924,8
18925,5
18926,8
18927,7
18928,4
18929,5
18930,9
18931,7
18932,9
18933,5
18934,1
18935,9
18936,1
18937,8
18938,3
18939,5
18940,5
18941,6
18942,0
18943,2
18944,0
18945,8
18946,1
18947,7
18948,2
18949,1
18950,7
18951,9
18952,5
18953,1
18954,5
18955,0
18956,8
18957,7
18958,7
18959,6
18960,4
18961,1
18962,0
18963,1
18964,4
18965,4
18966,9
18967,6
18968,9
18969,0
18970,6
18971,3
18972,4
18973,5
18974,1
18975,6
18976,1
18977,8
18978,7
18979,2
18980,8
18981,3
18982,9
18983,9
18984,3
18985,4
18986,1
18987,2
18988,5
18989,0
18990,6
18991,3
18992,9
18993,6
18994,6
18995,3
18996,8
18997,9
18998,8
18999,6
19000,7
19001,6
19002,2
19003,0
19004,0
19005,8
19006,4
19007,2
19008,6
19009,1
19010,6
19011,7
19012,1
19013,2
19014,7
19015,2
19016,7
19017,4
19018,0
19019,1
19020,7
19021,1
19022,0
19023,4
19024,8
19025,7
19026,9
19027,3
19028,1
19029,5
19030,1
19031,5
19032,0
19033,1
19034,7
19035,2
19036,9
19037,0
19038,8
19039,4
19040,1
19041,0
19042,2
19043,1
19044,8
19045,6
19046,5
19047,3
19048,0
19049,7
19050,1
19051,2
19052,9
19053,2
19054,1
19055,9
19056,8
19057,1
19058,5
19059,9
19060,3
19061,4
19062,5
19063,6
19064,5
19065,4
19066,0
19067,5
19068,4
19069,0
19070,8
19071,4
19072,7
19073,6
19074,1
19075,2
19076,1
19077,4
19078,9
19079,2
19080,9
19081,2
19082,0
19083,5
19084,3
19085,3
19086,9
19087,9
19088,9
19089,5
19090,6
19091,1
19092,7
19093,4
19094,0
19095,5
19096,1
19097,1
19098,3
19099,1
19100,7
19101,2
19102,4
19103,0
19104,2
19105,2
19106,0
19107,6
19108,6
19109,9
19110,5
19111,2
19112,5
19113,1
19114,0
19115,1
19116,5
19117,7
19118,6
19119,1
19120,6
19121,7
19122,2
19123,9
19124,1
19125,6
19126,0
19127,1
19128,5
19129,9
19130,7
19131,8
19132,4
19133,0
19134,8
19135,6
19136,7
19137,4
19138,9
19139,9
19140,7
19141,0
19142,0
19143,6
19144,2
19145,0
19146,7
19147,9
19148,9
19149,6
19150,7
19151,0
19152,2
19153,1
19154,7
19155,1
19156,1
19157,3
19158,3
19159,0
19160,3
19161,1
19162,7
19163,3
19164,6
19165,8
19166,1
19167,1
19168,5
19169,2
19170,7
19171,7
19172,0
19173,3
19174,1
19175,6
19176,6
19177,7
19178,1
19179,9
19180,7
19181,9
19182,2
19183,9
19184,4
19185,8
19186,3
19187,2
19188,1
19189,3
19190,9
19191,3
19192,0
19193,0
19194,3
19195,8
19196,9
19197,8
19198,0
19199,2
19200,7
19201,3
19202,5
19203,3
19204,5
19205,9
19206,2
19207,5
19208,4
19209,1
19210,9
19211,9
19212,1
19213,9
19214,5
19215,9
19216,4
19217,1
19218,4
19219,9
19220,8
19221,6
19222,9
19223,1
19224,3
19225,1
19226,1
19227,9
19228,6
19229,7
19230,9
19231,9
19232,6
19233,9
19234,9
19235,2
19236,3
19237,6
19238,1
19239,4
19240,6
19241,5
19242,2
19243,8
19244,1
19245,1
19246,5
19247,3
19248,1
19249,3
19250,5
19251,4
19252,5
19253,6
19254,3
19255,2
19256,9
19257,2
19258,1
19259,9
19260,4
19261,0
19262,6
19263,5
19264,2
19265,0
19266,1
19267,4
19268,2
19269,3
19270,5
19271,6
19272,6
19273,9
19274,5
19275,5
19276,7
19277,4
19278,8
19279,1
19280,8
19281,3
19282,3
19283,2
19284,8
19285,8
19286,9
19287,8
19288,6
19289,0
19290,9
19291,2
19292,5
19293,0
19294,9
19295,4
19296,5
19297,3
19298,9
19299,3
19300,5
19301,4
19302,8
19303,8
19304,9
19305,8
19306,9
19307,8
19308,0
19309,8
19310,3
19311,7
19312,4
19313,9
19314,4
19315,1
19316,4
19317,5
19318,1
19319,0
19320,3
19321,0
19322,4
19323,9
19324,6
19325,6
19326,6
19327,3
19328,9
19329,0
19330,6
19331,5
19332,5
19333,0
19334,0
19335,6
19336,0
19337,4
19338,8
19339,5
19340,3
19341,4
19342,8
19343,1
19344,6
19345,0
19346,8
19347,2
19348,6
19349,3
19350,9
19351,5
19352,9
19353,1
19354,6
19355,3
19356,3
19357,5
19358,4
19359,1
19360,0
19361,1
19362,6
19363,6
19364,1
19365,7
19366,1
19367,0
19368,6
19369,4
19370,1
19371,0
19372,7
19373,4
19374,6
19375,4
19376,1
19377,9
19378,9
19379,4
19380,8
19381,0
19382,1
19383,2
19384,9
19385,1
19386,8
19387,3
19388,2
19389,9
19390,1
19391,3
19392,1
19393,1
19394,3
19395,9
19396,5
19397,5
19398,5
19399,4
19400,2
19401,5
19402,9
19403,9
19404,4
19405,6
19406,5
19407,3
19408,4
19409,8
19410,0
19411,5
19412,8
19413,8
19414,8
19415,0
19416,1
19417,7
19418,9
19419,3
19420,4
19421,4
19422,3
19423,2
19424,1
19425,2
19426,5
19427,8
19428,7
19429,7
19430,9
19431,5
19432,7
19433,0
19434,7
19435,4
19436,1
19437,7
19438,6
19439,0
19440,3
19441,9
19442,5
19443,8
19444,3
19445,8
19446,6
19447,2
19448,7
19449,7
19450,3
19451,6
19452,2
19453,7
19454,9
19455,2
19456,7
19457,2
19458,9
19459,7
19460,5
19461,2
19462,6
19463,7
19464,3
19465,2
19466,4
19467,9
19468,5
19469,3
19470,1
19471,0
19472,7
19473,8
19474,0
19475,6
19476,2
19477,8
19478,0
19479,3
19480,2
19481,2
19482,2
19483,1
19484,9
19485,2
19486,3
19487,1
19488,9
19489,5
19490,8
19491,6
19492,8
19493,2
19494,7
19495,1
19496,0
19497,7
19498,3
19499,0
19500,7
19501,5
19502,6
19503,8
19504,3
19505,2
19506,1
19507,6
19508,9
19509,0
19510,6
19511,1
19512,0
19513,5
19514,7
19515,8
19516,9
19517,1
19518,9
19519,1
19520,3
19521,6
19522,9
19523,2
19524,6
19525,4
19526,1
19527,1
19528,8
19529,7
19530,6
19531,1
19532,9
19533,5
19534,9
19535,7
19536,8
19537,4
19538,3
19539,7
19540,6
19541,4
19542,6
19543,1
19544,8
19545,8
19546,8
19547,0
19548,0
19549,8
19550,2
19551,5
19552,2
19553,5
19554,0
19555,0
19556,4
19557,2
19558,1
19559,7
19560,7
19561,5
19562,7
19563,3
19564,4
19565,6
19566,0
19567,8
19568,9
19569,0
19570,9
19571,2
19572,8
19573,1
19574,6
19575,6
19576,6
19577,7
19578,2
19579,1
19580,4
19581,8
19582,1
19583,4
19584,0
19585,1
19586,5
19587,0
19588,1
19589,6
19590,1
19591,0
19592,5
19593,3
19594,2
19595,4
19596,7
19597,3
19598,9
19599,6
19600,9
19601,3
19602,4
19603,1
19604,9
19605,2
19606,7
19607,8
19608,9
19609,0
19610,3
19611,9
19612,4
19613,0
19614,5
19615,7
19616,6
19617,0
19618,6
19619,6
19620,0
19621,1
19622,0
19623,5
19624,1
19625,6
19626,6
19627,8
19628,3
19629,5
19630,8
19631,5
19632,1
19633,8
19634,8
19635,0
19636,7
19637,3
19638,2
19639,0
19640,1
19641,0
19642,3
19643,4
19644,0
19645,4
19646,3
19647,1
19648,6
19649,1
19650,6
19651,2
19652,9
19653,5
19654,0
19655,0
19656,1
19657,7
19658,5
19659,4
19660,5
19661,8
19662,1
19663,5
19664,4
19665,9
19666,2
19667,9
19668,5
19669,4
19670,4
19671,7
19672,9
19673,8
19674,2
19675,9
19676,1
19677,6
19678,4
19679,0
19680,8
19681,2
19682,5
19683,3
19684,8
19685,3
19686,2
19687,5
19688,0
19689,3
19690,6
19691,0
19692,6
19693,8
19694,4
19695,1
19696,5
19697,7
19698,0
19699,0
19700,1
19701,5
19702,0
19703,3
19704,3
19705,4
19706,2
19707,1
19708,3
19709,3
19710,1
19711,4
19712,0
19713,4
19714,2
19715,2
19716,6
19717,9
19718,8
19719,9
19720,9
19721,7
19722,1
19723,2
19724,8
19725,0
19726,5
19727,3
19728,6
19729,6
19730,8
19731,7
19732,8
19733,9
19734,3
19735,2
19736,6
19737,6
19738,1
19739,6
19740,1
19741,4
19742,7
19743,2
19744,5
19745,5
19746,1
19747,0
19748,8
19749,2
19750,8
19751,3
19752,6
19753,6
19754,4
19755,9
19756,0
19757,9
19758,8
19759,6
19760,4
19761,0
19762,7
19763,9
19764,1
19765,2
19766,4
19767,6
19768,8
19769,2
19770,3
19771,3
19772,7
19773,5
19774,1
19775,6
19776,9
19777,3
19778,4
19779,3
19780,7
19781,0
19782,1
19783,2
19784,6
19785,0
19786,3
19787,0
19788,5
19789,5
19790,9
19791,3
19792,6
19793,6
19794,6
19795,4
19796,5
19797,6
19798,3
19799,8
19800,9
19801,5
19802,8
19803,0
19804,4
19805,9
19806,2
19807,1
19808,3
19809,4
19810,6
19811,8
19812,5
19813,3
19814,7
19815,4
19816,2
19817,0
19818,8
19819,0
19820,4
19821,2
19822,5
19823,6
19824,4
19825,7
19826,5
19827,2
19828,1
19829,5
19830,1
19831,1
19832,4
19833,3
19834,6
19835,3
19836,7
19837,7
19838,1
19839,0
19840,5
19841,2
19842,6
19843,4
19844,5
19845,4
19846,7
19847,3
19848,8
19849,6
19850,2
19851,1
19852,1
19853,4
19854,2
19855,2
19856,0
19857,4
19858,3
19859,0
19860,1
19861,2
19862,5
19863,0
19864,3
19865,7
19866,8
19867,8
19868,6
19869,8
19870,5
19871,9
19872,2
19873,6
19874,2
19875,0
19876,6
19877,6
19878,8
19879,2
19880,5
19881,5
19882,7
19883,3
19884,2
19885,6
19886,5
19887,1
19888,6
19889,5
19890,2
19891,3
19892,9
19893,3
19894,9
19895,4
19896,5
19897,1
19898,6
19899,3
19900,2
19901,9
19902,4
19903,1
19904,9
19905,0
19906,2
19907,4
19908,3
19909,1
19910,4
19911,0
19912,4
19913,1
19914,5
19915,8
19916,0
19917,0
19918,3
19919,5
19920,1
19921,2
19922,7
19923,9
19924,0
19925,8
19926,6
19927,4
19928,1
19929,5
19930,8
19931,7
19932,1
19933,9
19934,1
19935,9
19936,3
19937,5
19938,9
19939,7
19940,7
19941,1
19942,3
19943,7
19944,7
19945,0
19946,8
19947,9
19948,7
19949,4
19950,4
19951,9
19952,8
19953,3
19954,1
19955,8
19956,2
19957,2
19958,1
19959,5
19960,0
19961,3
19962,2
19963,6
19964,0
19965,3
19966,1
19967,5
19968,6
19969,2
19970,6
19971,4
19972,4
19973,6
19974,8
19975,9
19976,4
19977,3
19978,9
19979,7
19980,6
19981,2
19982,9
19983,3
19984,5
19985,0
19986,3
19987,5
19988,3
19989,2
19990,6
19991,2
19992,2
19993,9
19994,8
19995,6
19996,7
19997,0
19998,1
19999,3
20000,7
20001,7
20002,3
20003,2
20004,4
20005,9
20006,6
20007,6
20008,8
20009,0
20010,1
20011,0
20012,4
20013,1
20014,0
20015,2
20016,6
20017,4
20018,8
20019,5
20020,1
20021,9
20022,9
20023,4
20024,4
20025,7
20026,1
20027,2
20028,6
20029,6
20030,0
20031,4
20032,1
20033,7
20034,2
20035,0
20036,9
20037,9
20038,4
20039,5
20040,6
20041,4
20042,6
20043,6
20044,7
20045,7
20046,8
20047,4
20048,4
20049,8
20050,7
20051,3
20052,2
20053,7
20054,6
20055,5
20056,6
20057,5
20058,6
20059,5
20060,6
20061,7
20062,0
20063,1
20064,1
20065,6
20066,7
20067,9
20068,6
20069,4
20070,9
20071,0
20072,9
20073,0
20074,8
20075,1
20076,3
20077,4
20078,9
20079,9
20080,9
20081,3
20082,5
20083,3
20084,3
20085,0
20086,7
20087,1
20088,0
20089,9
20090,9
20091,8
20092,8
20093,9
20094,2
20095,9
20096,1
20097,8
20098,9
20099,1
20100,9
20101,9
20102,5
20103,0
20104,4
20105,7
20106,9
20107,7
20108,1
20109,3
20110,5
20111,3
20112,1
20113,0
20114,7
20115,6
20116,1
20117,3
20118,5
20119,8
20120,1
20121,9
20122,8
20123,4
20124,0
20125,2
20126,6
20127,5
20128,3
20129,1
20130,2
20131,5
20132,9
20133,5
20134,0
20135,3
20136,4
20137,5
20138,1
20139,1
20140,0
20141,4
20142,3
20143,0
20144,1
20145,2
20146,1
20147,6
20148,3
20149,7
20150,6
20151,6
20152,5
20153,9
20154,7
20155,3
20156,7
20157,2
20158,5
20159,8
20160,9
20161,1
20162,0
20163,9
20164,6
20165,6
20166,4
20167,7
20168,8
20169,1
20170,0
20171,7
20172,2
20173,7
20174,5
20175,3
20176,2
20177,9
20178,0
20179,2
20180,0
20181,2
20182,3
20183,8
20184,8
20185,7
20186,9
20187,7
20188,4
20189,2
20190,4
20191,9
20192,0
20193,1
20194,2
20195,9
20196,2
20197,1
20198,2
20199,2
20200,2
20201,8
20202,5
20203,1
20204,2
20205,2
20206,4
20207,6
20208,9
20209,0
20210,7
20211,0
20212,8
20213,6
20214,6
20215,0
20216,3
20217,2
20218,7
20219,3
20220,6
20221,0
20222,8
20223,6
20224,6
20225,9
20226,0
20227,2
20228,1
20229,5
20230,1
20231,4
20232,6
20233,6
20234,9
20235,9
20236,2
20237,7
20238,4
20239,6
20240,7
20241,9
20242,3
20243,3
20244,5
20245,2
20246,8
20247,1
20248,9
20249,5
20250,7
20251,4
20252,1
20253,1
20254,6
20255,1
20256,6
20257,4
20258,6
20259,1
20260,7
20261,2
20262,0
20263,3
20264,2
20265,4
20266,2
20267,6
20268,7
20269,5
20270,6
20271,6
20272,2
20273,9
20274,6
20275,8
20276,4
20277,7
20278,1
20279,5
20280,4
20281,8
20282,7
20283,5
20284,0
20285,4
20286,5
20287,8
20288,4
20289,8
20290,5
20291,3
20292,8
20293,6
20294,2
20295,7
20296,0
20297,3
20298,3
20299,5
20300,6
20301,5
20302,4
20303,1
20304,8
20305,3
20306,6
20307,3
20308,8
20309,4
20310,3
20311,4
20312,6
20313,1
20314,5
20315,0
20316,4
20317,1
20318,6
20319,7
20320,5
20321,7
20322,0
20323,3
20324,4
20325,3
20326,9
20327,2
20328,6
20329,6
20330,3
20331,3
20332,5
20333,5
20334,8
20335,2
20336,8
20337,3
20338,4
20339,5
20340,3
20341,4
20342,0
20343,5
20344,6
20345,4
20346,8
20347,7
20348,2
20349,0
20350,4
20351,8
20352,7
20353,8
20354,1
20355,3
20356,6
20357,8
20358,9
20359,4
20360,1
20361,8
20362,6
20363,4
20364,7
20365,2
20366,9
20367,1
20368,0
20369,3
20370,6
20371,3
20372,5
20373,5
20374,2
20375,2
20376,8
20377,5
20378,5
20379,1
20380,6
20381,6
20382,9
20383,5
20384,4
20385,9
20386,0
20387,7
20388,3
20389,7
20390,4
20391,5
20392,0
20393,8
20394,2
20395,3
20396,4
20397,7
20398,1
20399,5
20400,9
20401,7
20402,2
20403,0
20404,0
20405,7
20406,5
20407,0
20408,1
20409,7
20410,0
20411,0
20412,0
20413,4
20414,6
20415,7
20416,9
20417,1
20418,1
20419,3
20420,6
20421,9
20422,5
20423,7
20424,1
20425,6
20426,8
20427,2
20428,7
20429,5
20430,3
20431,7
20432,1
20433,3
20434,9
20435,4
20436,1
20437,4
20438,1
20439,9
20440,2
20441,0
20442,8
20443,3
20444,9
20445,0
20446,2
20447,0
20448,9
20449,9
20450,6
20451,1
20452,9
20453,1
20454,0
20455,3
20456,6
20457,0
20458,9
20459,0
20460,8
20461,7
20462,6
20463,2
20464,1
20465,6
20466,2
20467,8
20468,6
20469,6
20470,8
20471,5
20472,9
20473,9
20474,6
20475,1
20476,2
20477,1
20478,6
20479,4
20480,0
20481,0
20482,2
20483,3
20484,1
20485,5
20486,5
20487,5
20488,7
20489,9
20490,6
20491,3
20492,8
20493,5
20494,4
20495,0
20496,4
20497,6
20498,7
20499,9
20500,2
20501,5
20502,4
20503,2
20504,5
20505,6
20506,7
20507,4
20508,1
20509,1
20510,6
20511,4
20512,5
20513,0
20514,9
20515,8
20516,4
20517,7
20518,0
20519,1
20520,5
20521,8
20522,6
20523,3
20524,0
20525,9
20526,4
20527,0
20528,1
20529,5
20530,4
20531,6
20532,7
20533,4
20534,2
20535,7
20536,2
20537,1
20538,3
20539,2
20540,2
20541,7
20542,1
20543,2
20544,9
20545,0
20546,8
20547,3
20548,6
20549,1
20550,0
20551,5
20552,3
20553,8
20554,4
20555,7
20556,0
20557,2
20558,0
20559,1
20560,6
20561,2
20562,7
20563,4
20564,9
20565,3
20566,9
20567,3
20568,3
20569,7
20570,9
20571,6
20572,3
20573,2
20574,3
20575,4
20576,0
20577,0
20578,8
20579,0
20580,7
20581,4
20582,9
20583,7
20584,5
20585,0
20586,2
20587,8
20588,6
20589,2
20590,9
20591,9
20592,3
20593,7
20594,5
20595,9
20596,1
20597,7
20598,1
20599,9
20600,9
20601,2
20602,6
20603,9
20604,5
20605,6
20606,0
20607,8
20608,7
20609,5
20610,3
20611,1
20612,5
20613,2
20614,1
20615,8
20616,8
20617,6
20618,4
20619,2
20620,0
20621,4
20622,2
20623,1
20624,4
20625,2
20626,7
20627,1
20628,0
20629,5
20630,7
20631,1
20632,5
20633,3
20634,5
20635,0
20636,0
20637,1
20638,9
20639,3
20640,6
20641,1
20642,2
20643,9
20644,6
20645,9
20646,1
20647,0
20648,0
20649,9
20650,9
20651,6
20652,5
20653,8
20654,8
20655,0
20656,9
20657,8
20658,5
20659,7
20660,3
20661,8
20662,6
20663,2
20664,1
20665,3
20666,6
20667,7
20668,5
20669,8
20670,1
20671,8
20672,3
20673,2
20674,2
20675,8
20676,9
20677,9
20678,6
20679,4
20680,0
20681,7
20682,1
20683,4
20684,9
20685,8
20686,4
20687,2
20688,9
20689,5
20690,2
20691,5
20692,6
20693,8
20694,0
20695,7
20696,1
20697,3
20698,0
20699,5
20700,5
20701,6
20702,3
20703,1
20704,2
20705,3
20706,1
20707,4
20708,0
20709,7
20710,9
20711,1
20712,2
20713,2
20714,3
20715,1
20716,1
20717,5
20718,8
20719,1
20720,0
20721,1
20722,2
20723,5
20724,5
20725,5
20726,0
20727,1
20728,2
20729,9
20730,7
20731,9
20732,9
20733,0
20734,4
20735,0
20736,1
20737,7
20738,1
20739,5
20740,6
20741,0
20742,6
20743,9
20744,2
20745,7
20746,5
20747,2
20748,1
20749,1
20750,1
20751,8
20752,5
20753,1
20754,6
20755,7
20756,0
20757,8
20758,5
20759,0
20760,5
20761,9
20762,6
20763,9
20764,9
20765,6
20766,3
20767,2
20768,4
20769,2
20770,0
20771,6
20772,3
20773,1
20774,9
20775,6
20776,4
20777,6
20778,9
20779,9
20780,9
20781,9
20782,6
20783,3
20784,0
20785,1
20786,9
20787,0
20788,3
20789,6
20790,1
20791,6
20792,6
20793,0
20794,4
20795,8
20796,7
20797,0
20798,5
20799,3
20800,4
20801,7
20802,3
20803,6
20804,4
20805,9
20806,9
20807,2
20808,9
20809,9
20810,6
20811,7
20812,7
20813,0
20814,1
20815,0
20816,9
20817,7
20818,3
20819,5
20820,2
20821,4
20822,3
20823,4
20824,6
20825,4
20826,3
20827,1
20828,7
20829,4
20830,2
20831,7
20832,5
20833,5
20834,4
20835,0
20836,4
20837,5
20838,6
20839,7
20840,9
20841,9
20842,4
20843,9
20844,5
20845,9
20846,1
20847,8
20848,4
20849,9
20850,0
20851,1
20852,4
20853,3
20854,9
20855,9
20856,1
20857,7
20858,4
20859,6
20860,3
20861,0
20862,6
20863,0
20864,0
20865,5
20866,6
20867,0
20868,8
20869,1
20870,4
20871,3
20872,8
20873,1
20874,0
20875,1
20876,9
20877,1
20878,7
20879,3
20880,1
20881,9
20882,1
20883,9
20884,3
20885,4
20886,9
20887,3
20888,4
20889,5
20890,4
20891,5
20892,2
20893,4
20894,4
20895,2
20896,2
20897,5
20898,9
20899,6
20900,4
20901,8
20902,1
20903,7
20904,5
20905,6
20906,1
20907,7
20908,7
20909,7
20910,0
20911,7
20912,6
20913,9
20914,5
20915,1
20916,2
20917,0
20918,6
20919,6
20920,1
20921,9
20922,3
20923,2
20924,0
20925,6
20926,4
20927,4
20928,6
20929,3
20930,4
20931,4
20932,7
20933,2
20934,2
20935,4
20936,2
20937,5
20938,9
20939,4
20940,0
20941,8
20942,5
20943,5
20944,2
20945,6
20946,5
20947,7
20948,7
20949,2
20950,4
20951,0
20952,4
20953,6
20954,1
20955,0
20956,7
20957,0
20958,7
20959,6
20960,4
20961,8
20962,2
20963,2
20964,1
20965,2
20966,8
20967,9
20968,5
20969,6
20970,4
20971,6
20972,1
20973,0
20974,5
20975,3
20976,4
20977,8
20978,4
20979,6
20980,3
20981,9
20982,4
20983,5
20984,6
20985,3
20986,6
20987,0
20988,5
20989,8
20990,1
20991,9
20992,5
20993,9
20994,8
20995,1
20996,3
20997,0
20998,1
20999,3
21000,2
21001,2
21002,2
21003,3
21004,8
21005,9
21006,1
21007,9
21008,1
21009,8
21010,1
21011,6
21012,6
21013,0
21014,6
21015,1
21016,0
21017,1
21018,4
21019,2
21020,0
21021,1
21022,2
21023,1
21024,1
21025,6
21026,0
21027,6
21028,2
21029,7
21030,4
21031,0
21032,7
21033,4
21034,4
21035,1
21036,9
21037,8
21038,2
21039,2
21040,9
21041,2
21042,7
21043,2
21044,1
21045,8
21046,8
21047,7
21048,4
21049,4
21050,6
21051,8
21052,7
21053,1
21054,6
21055,9
21056,3
21057,7
21058,7
21059,0
21060,2
21061,1
21062,1
21063,2
21064,5
21065,6
21066,1
21067,9
21068,2
21069,2
21070,8
21071,6
21072,4
21073,7
21074,4
21075,0
21076,7
21077,0
21078,0
21079,3
21080,1
21081,1
21082,1
21083,6
21084,4
21085,1
21086,2
21087,2
21088,2
21089,4
21090,2
21091,6
21092,0
21093,6
21094,7
21095,8
21096,5
21097,7
21098,5
21099,7
21100,8
21101,2
21102,0
21103,2
21104,8
21105,3
21106,2
21107,7
21108,4
21109,7
21110,1
21111,0
21112,7
21113,1
21114,9
21115,6
21116,0
21117,9
21118,6
21119,0
21120,2
21121,8
21122,2
21123,6
21124,7
21125,4
21126,6
21127,9
21128,2
21129,5
21130,7
21131,1
21132,9
21133,6
21134,1
21135,6
21136,1
21137,6
21138,7
21139,2
21140,2
21141,5
21142,1
21143,8
21144,9
21145,5
21146,9
21147,3
21148,7
21149,4
21150,7
21151,3
21152,5
21153,7
21154,5
21155,0
21156,8
21157,3
21158,8
21159,0
21160,6
21161,6
21162,9
21163,0
21164,4
21165,1
21166,8
21167,4
21168,9
21169,5
21170,0
21171,8
21172,4
21173,0
21174,9
21175,7
21176,1
21177,2
21178,5
21179,9
21180,4
21181,6
21182,9
21183,1
21184,7
21185,2
21186,4
21187,6
21188,1
21189,4
21190,9
21191,0
21192,3
21193,1
21194,3
21195,3
21196,7
21197,1
21198,2
21199,8
21200,9
21201,2
21202,1
21203,1
21204,1
21205,6
21206,8
21207,3
21208,8
21209,0
21210,1
21211,3
21212,4
21213,4
21214,7
21215,4
21216,2
21217,8
21218,1
21219,7
21220,6
21221,0
21222,7
21223,1
21224,3
21225,5
21226,2
21227,2
21228,5
21229,2
21230,9
21231,9
21232,7
21233,3
21234,3
21235,0
21236,0
21237,8
21238,4
21239,6
21240,7
21241,2
21242,8
21243,7
21244,8
21245,8
21246,8
21247,3
21248,4
21249,2
21250,4
21251,1
21252,4
21253,7
21254,9
21255,9
21256,3
21257,1
21258,0
21259,9
21260,6
21261,5
21262,9
21263,9
21264,1
21265,6
21266,7
21267,2
21268,0
21269,4
21270,7
21271,4
21272,6
21273,7
21274,8
21275,8
21276,3
21277,9
21278,2
21279,1
21280,1
21281,1
21282,5
21283,8
21284,2
21285,0
21286,0
21287,9
21288,2
21289,3
21290,4
21291,8
21292,9
21293,4
21294,1
21295,7
21296,4
21297,3
21298,3
21299,4
21300,3
21301,6
21302,2
21303,8
21304,8
21305,7
21306,4
21307,4
21308,5
21309,5
21310,4
21311,4
21312,4
21313,1
21314,5
21315,1
21316,7
21317,7
21318,8
21319,8
21320,7
21321,6
21322,1
21323,5
21324,8
21325,7
21326,3
21327,3
21328,2
21329,0
21330,4
21331,7
21332,9
21333,1
21334,3
21335,3
21336,3
21337,4
21338,9
21339,2
21340,7
21341,4
21342,8
21343,3
21344,3
21345,6
21346,4
21347,9
21348,9
21349,7
21350,2
21351,3
21352,3
21353,8
21354,4
21355,0
21356,9
21357,5
21358,2
21359,6
21360,7
21361,6
21362,1
21363,4
21364,4
21365,9
21366,1
21367,3
21368,1
21369,6
21370,0
21371,0
21372,8
21373,7
21374,6
21375,4
21376,0
21377,8
21378,2
21379,3
21380,0
21381,8
21382,7
21383,7
21384,7
21385,4
21386,3
21387,1
21388,8
21389,8
21390,7
21391,8
21392,3
21393,5
21394,4
21395,6
21396,9
21397,9
21398,5
21399,5
21400,4
21401,6
21402,1
21403,7
21404,8
21405,1
21406,5
21407,9
21408,9
21409,7
21410,0
21411,3
21412,9
21413,0
21414,7
21415,7
21416,7
21417,4
21418,9
21419,7
21420,9
21421,3
21422,2
21423,7
21424,2
21425,2
21426,7
21427,6
21428,6
21429,8
21430,1
21431,8
21432,7
21433,9
21434,1
21435,7
21436,2
21437,6
21438,0
21439,4
21440,9
21441,3
21442,3
21443,4
21444,3
21445,7
21446,0
21447,9
21448,5
21449,1
21450,6
21451,8
21452,1
21453,1
21454,7
21455,2
21456,9
21457,8
21458,1
21459,7
21460,1
21461,1
21462,2
21463,0
21464,0
21465,7
21466,9
21467,1
21468,4
21469,6
21470,1
21471,7
21472,4
21473,3
21474,1
21475,0
21476,9
21477,2
21478,3
21479,4
21480,8
21481,7
21482,1
21483,9
21484,3
21485,0
21486,5
21487,7
21488,7
21489,4
21490,2
21491,1
21492,1
21493,4
21494,6
21495,9
21496,7
21497,8
21498,1
21499,1
21500,6
21501,0
21502,2
21503,2
21504,4
21505,6
21506,5
21507,3
21508,4
21509,4
21510,7
21511,8
21512,1
21513,4
21514,9
21515,4
21516,5
21517,7
21518,6
21519,4
21520,6
21521,5
21522,1
21523,2
21524,1
21525,7
21526,0
21527,0
21528,0
21529,9
21530,6
21531,0
21532,9
21533,1
21534,7
21535,0
21536,2
21537,8
21538,0
21539,0
21540,3
21541,8
21542,6
21543,6
21544,7
21545,7
21546,1
21547,3
21548,9
21549,6
21550,1
21551,8
21552,1
21553,0
21554,1
21555,0
21556,2
21557,1
21558,9
21559,2
21560,8
21561,4
21562,3
21563,3
21564,4
21565,6
21566,7
21567,2
21568,9
21569,6
21570,7
21571,6
21572,3
21573,1
21574,1
21575,8
21576,9
21577,9
21578,4
21579,1
21580,1
21581,8
21582,0
21583,4
21584,8
21585,4
21586,4
21587,8
21588,4
21589,1
21590,9
21591,3
21592,2
21593,8
21594,7
21595,1
21596,1
21597,7
21598,0
21599,5
21600,1
21601,2
21602,3
21603,9
21604,3
21605,9
21606,6
21607,5
21608,8
21609,5
21610,7
21611,5
21612,9
21613,5
21614,6
21615,7
21616,5
21617,5
21618,3
21619,9
21620,2
21621,5
21622,7
21623,7
21624,9
21625,5
21626,5
21627,5
21628,5
21629,6
21630,5
21631,8
21632,9
21633,9
21634,2
21635,4
21636,9
21637,7
21638,3
21639,1
21640,9
21641,1
21642,7
21643,7
21644,8
21645,8
21646,2
21647,8
21648,0
21649,4
21650,3
21651,3
21652,6
21653,0
21654,3
21655,0
21656,7
21657,3
21658,1
21659,0
21660,8
21661,0
21662,5
21663,8
21664,4
21665,6
21666,4
21667,0
21668,1
21669,2
21670,6
21671,2
21672,0
21673,8
21674,8
21675,8
21676,6
21677,9
21678,5
21679,6
21680,2
21681,1
21682,1
21683,7
21684,9
21685,6
21686,4
21687,1
21688,2
21689,6
21690,0
21691,6
21692,0
21693,5
21694,6
21695,0
21696,8
21697,0
21698,2
21699,9
21700,7
21701,3
21702,4
21703,4
21704,0
21705,8
21706,2
21707,4
21708,5
21709,3
21710,8
21711,4
21712,4
21713,0
21714,1
21715,8
21716,5
21717,9
21718,6
21719,1
21720,5
21721,3
21722,0
21723,6
21724,8
21725,1
21726,1
21727,4
21728,2
21729,2
21730,9
21731,8
21732,5
21733,5
21734,8
21735,1
21736,5
21737,2
21738,1
21739,1
21740,0
21741,6
21742,1
21743,7
21744,9
21745,5
21746,7
21747,8
21748,2
21749,3
21750,5
21751,9
21752,4
21753,8
21754,0
21755,7
21756,8
21757,7
21758,5
21759,4
21760,4
21761,1
21762,1
21763,9
21764,1
21765,9
21766,6
21767,7
21768,9
21769,2
21770,9
21771,0
21772,5
21773,4
21774,6
21775,6
21776,6
21777,3
21778,1
21779,0
21780,8
21781,3
21782,3
21783,4
21784,1
21785,1
21786,4
21787,8
21788,1
21789,6
21790,1
21791,8
21792,8
21793,0
21794,2
21795,1
21796,9
21797,7
21798,1
21799,3
21800,5
21801,1
21802,6
21803,5
21804,6
21805,5
21806,2
21807,1
21808,8
21809,9
21810,9
21811,7
21812,4
21813,4
21814,0
21815,3
21816,5
21817,5
21818,3
21819,1
21820,3
21821,8
21822,0
21823,8
21824,7
21825,6
21826,6
21827,1
21828,5
21829,3
21830,0
21831,3
21832,2
21833,7
21834,7
21835,3
21836,5
21837,6
21838,1
21839,9
21840,5
21841,6
21842,4
21843,3
21844,8
21845,7
21846,4
21847,4
21848,9
21849,0
21850,7
21851,4
21852,8
21853,0
21854,0
21855,7
21856,6
21857,4
21858,2
21859,7
21860,3
21861,0
21862,7
21863,6
21864,1
21865,3
21866,5
21867,9
21868,0
21869,5
21870,0
21871,1
21872,1
21873,8
21874,3
21875,1
21876,1
21877,0
21878,6
21879,6
21880,8
21881,2
21882,7
21883,6
21884,8
21885,7
21886,1
21887,4
21888,7
21889,7
21890,0
21891,1
21892,0
21893,7
21894,5
21895,5
21896,8
21897,2
21898,2
21899,4
21900,4
21901,3
21902,8
21903,0
21904,5
21905,1
21906,5
21907,9
21908,1
21909,4
21910,7
21911,7
21912,1
21913,1
21914,5
21915,2
21916,6
21917,5
21918,0
21919,6
21920,0
21921,1
21922,1
21923,0
21924,3
21925,8
21926,1
21927,2
21928,0
21929,0
21930,1
21931,2
21932,7
21933,5
21934,3
21935,7
21936,1
21937,8
21938,7
21939,8
21940,7
21941,5
21942,7
21943,4
21944,0
21945,9
21946,0
21947,1
21948,7
21949,5
21950,3
21951,9
21952,2
21953,3
21954,6
21955,1
21956,5
21957,2
21958,9
21959,3
21960,0
21961,8
21962,2
21963,9
21964,1
21965,0
21966,1
21967,0
21968,0
21969,5
21970,8
21971,7
21972,0
21973,8
21974,4
21975,1
21976,2
21977,1
21978,3
21979,5
21980,4
21981,5
21982,0
21983,5
21984,6
21985,7
21986,9
21987,6
21988,3
21989,5
21990,7
21991,0
21992,6
21993,4
21994,6
21995,1
21996,6
21997,4
21998,1
21999,0
22000,1
22001,9
22002,0
22003,7
22004,6
22005,6
22006,6
22007,7
22008,9
22009,6
22010,8
22011,2
22012,4
22013,6
22014,0
22015,4
22016,5
22017,1
22018,6
22019,9
22020,2
22021,2
22022,0
22023,5
22024,1
22025,2
22026,6
22027,8
22028,7
22029,8
22030,8
22031,8
22032,8
22033,0
22034,7
22035,7
22036,4
22037,7
22038,9
22039,1
22040,4
22041,2
22042,6
22043,1
22044,3
22045,0
22046,2
22047,5
22048,2
22049,0
22050,4
22051,4
22052,1
22053,0
22054,0
22055,3
22056,0
22057,6
22058,2
22059,4
22060,7
22061,1
22062,6
22063,2
22064,5
22065,7
22066,5
22067,3
22068,1
22069,9
22070,4
22071,0
22072,2
22073,3
22074,5
22075,2
22076,8
22077,1
22078,5
22079,9
22080,4
22081,8
22082,7
22083,7
22084,9
22085,4
22086,1
22087,1
22088,5
22089,9
22090,9
22091,8
22092,9
22093,1
22094,1
22095,1
22096,4
22097,0
22098,5
22099,5
22100,7
22101,3
22102,7
22103,5
22104,9
22105,1
22106,1
22107,8
22108,5
22109,3
22110,8
22111,2
22112,8
22113,8
22114,9
22115,4
22116,3
22117,5
22118,0
22119,0
22120,5
22121,8
22122,7
22123,3
22124,0
22125,2
22126,9
22127,1
22128,9
22129,1
22130,9
22131,5
22132,8
22133,0
22134,0
22135,1
22136,9
22137,8
22138,7
22139,1
22140,0
22141,0
22142,9
22143,9
22144,1
22145,9
22146,1
22147,0
22148,7
22149,7
22150,9
22151,2
22152,0
22153,5
22154,4
22155,7
22156,8
22157,5
22158,0
22159,2
22160,4
22161,9
22162,2
22163,2
22164,1
22165,5
22166,4
22167,7
22168,4
22169,2
22170,1
22171,2
22172,6
22173,6
22174,5
22175,2
22176,2
22177,4
22178,8
22179,6
22180,0
22181,5
22182,7
22183,1
22184,1
22185,0
22186,3
22187,2
22188,2
22189,2
22190,2
22191,5
22192,8
22193,7
22194,1
22195,9
22196,4
22197,9
22198,0
22199,0
22200,8
22201,7
22202,3
22203,7
22204,0
22205,7
22206,1
22207,5
22208,4
22209,2
22210,3
22211,8
22212,0
22213,8
22214,6
22215,0
22216,7
22217,0
22218,7
22219,2
22220,4
22221,5
22222,4
22223,9
22224,0
22225,8
22226,8
22227,4
22228,7
22229,0
22230,7
22231,2
22232,8
22233,8
22234,1
22235,1
22236,4
22237,0
22238,8
22239,8
22240,5
22241,1
22242,0
22243,0
22244,6
22245,2
22246,1
22247,0
22248,9
22249,6
22250,6
22251,8
22252,6
22253,5
22254,7
22255,3
22256,2
22257,4
22258,4
22259,6
22260,7
22261,2
22262,3
22263,2
22264,2
22265,4
22266,8
22267,0
22268,2
22269,9
22270,0
22271,5
22272,2
22273,3
22274,3
22275,3
22276,9
22277,0
22278,9
22279,9
22280,7
22281,5
22282,0
22283,5
22284,8
22285,4
22286,1
22287,3
22288,1
22289,1
22290,8
22291,6
22292,5
22293,9
22294,5
22295,4
22296,2
22297,5
22298,9
22299,4
22300,1
22301,3
22302,4
22303,3
22304,0
22305,2
22306,5
22307,8
22308,4
22309,2
22310,9
22311,4
22312,0
22313,3
22314,0
22315,8
22316,1
22317,7
22318,1
22319,9
22320,6
22321,5
22322,1
22323,1
22324,8
22325,3
22326,8
22327,3
22328,5
22329,2
22330,4
22331,1
22332,6
22333,1
22334,7
22335,0
22336,0
22337,1
22338,0
22339,1
22340,9
22341,8
22342,2
22343,8
22344,0
22345,5
22346,5
22347,8
22348,4
22349,4
22350,7
22351,2
22352,7
22353,9
22354,2
22355,3
22356,1
22357,5
22358,1
22359,2
22360,9
22361,0
22362,7
22363,1
22364,7
22365,1
22366,5
22367,1
22368,0
22369,1
22370,6
22371,1
22372,8
22373,1
22374,6
22375,8
22376,5
22377,6
22378,0
22379,0
22380,8
22381,5
22382,7
22383,3
22384,8
22385,3
22386,9
22387,0
22388,6
22389,9
22390,4
22391,2
22392,1
22393,7
22394,6
22395,0
22396,1
22397,5
22398,9
22399,8
22400,0
22401,6
22402,0
22403,1
22404,1
22405,3
22406,3
22407,6
22408,2
22409,6
22410,6
22411,7
22412,0
22413,0
22414,5
22415,9
22416,9
22417,0
22418,4
22419,0
22420,4
22421,4
22422,4
22423,2
22424,3
22425,1
22426,6
22427,6
22428,1
22429,0
22430,3
22431,0
22432,1
22433,2
22434,0
22435,1
22436,6
22437,7
22438,7
22439,5
22440,0
22441,0
22442,1
22443,6
22444,1
22445,4
22446,1
22447,1
22448,6
22449,1
22450,0
22451,5
22452,9
22453,7
22454,3
22455,7
22456,2
22457,4
22458,7
22459,9
22460,5
22461,9
22462,7
22463,5
22464,3
22465,6
22466,3
22467,5
22468,3
22469,1
22470,6
22471,2
22472,5
22473,9
22474,9
22475,8
22476,7
22477,7
22478,6
22479,9
22480,5
22481,7
22482,1
22483,7
22484,0
22485,8
22486,6
22487,1
22488,2
22489,5
22490,1
22491,4
22492,9
22493,2
22494,1
22495,6
22496,8
22497,8
22498,4
22499,5
22500,9
22501,2
22502,9
22503,2
22504,4
22505,0
22506,3
22507,9
22508,0
22509,7
22510,6
22511,7
22512,9
22513,5
22514,7
22515,2
22516,4
22517,0
22518,9
22519,6
22520,9
22521,5
22522,6
22523,4
22524,4
22525,1
22526,6
22527,1
22528,0
